368.00,363.90,55.00,334.77,349.17,33.00,49.70,49.00,50.07,49.83,3.44
361.00,363.65,56.00,308.21,335.76,33.00,48.11,49.00,49.97,48.98,3.29
361.00,363.40,52.00,283.69,323.38,32.00,46.57,50.00,49.97,48.21,3.16
372.00,364.20,60.00,262.05,312.95,32.00,45.16,51.00,50.06,47.55,3.05
367.00,364.48,62.00,242.71,303.42,33.00,43.99,53.00,50.34,47.10,2.94
367.00,364.72,58.00,224.79,294.58,31.00,42.73,53.00,50.59,46.60,2.84
370.00,365.22,58.00,208.64,286.76,33.00,41.78,51.00,50.64,46.15,2.76
364.00,365.12,58.00,194.01,279.39,34.00,41.02,51.00,50.67,45.79,2.68
363.00,364.93,51.00,180.16,272.37,33.00,40.25,51.00,50.71,45.42,2.60
361.00,364.56,52.00,167.72,265.97,33.00,39.54,48.00,50.46,44.94,2.54
354.00,363.57,51.00,156.40,259.81,31.00,38.72,49.00,50.32,44.46,2.47
366.00,363.37,51.00,136.68,249.85,33.00,37.66,48.00,49.98,43.76,2.37
361.00,362.77,49.00,120.92,241.67,31.00,36.61,49.00,49.80,43.14,2.28
368.00,363.25,54.00,114.40,238.65,33.00,36.25,48.00,49.63,42.88,2.24
364.00,363.33,54.00,108.53,235.75,34.00,36.03,50.00,49.66,42.78,2.21
388.00,368.02,59.00,99.44,233.55,44.00,37.36,57.00,51.06,44.15,2.17
359.00,366.56,48.00,90.24,228.22,36.00,37.31,48.00,50.62,43.90,2.11
382.00,368.81,60.00,84.26,226.36,44.00,38.34,56.00,51.41,44.81,2.08
372.00,369.14,51.00,81.06,224.92,39.00,38.41,49.00,51.20,44.75,2.07
362.00,368.49,52.00,75.61,221.87,39.00,38.53,48.00,50.71,44.56,2.03
384.00,370.22,58.00,71.81,220.84,46.00,39.53,50.00,50.75,45.08,2.01
364.00,368.71,48.00,67.45,217.90,38.00,39.36,49.00,50.26,44.75,1.99
376.00,368.28,54.00,64.51,216.21,44.00,39.76,56.00,50.59,45.12,1.97
382.00,369.57,56.00,63.67,216.44,49.00,40.63,59.00,51.38,45.95,1.95
358.00,367.52,48.00,61.06,214.11,39.00,40.36,49.00,50.98,45.61,1.93
384.00,368.72,59.00,59.60,213.98,54.00,41.43,51.00,50.72,46.01,1.92
363.00,367.46,48.00,57.31,212.21,39.00,41.02,48.00,50.23,45.57,1.91
357.00,366.48,49.00,56.51,211.32,39.00,40.84,48.00,50.02,45.37,1.90
358.00,365.66,46.00,55.50,210.40,39.00,40.66,48.00,49.82,45.18,1.90
358.00,367.02,50.00,55.25,210.95,39.00,41.05,48.00,50.26,45.59,1.90
363.00,366.04,50.00,54.03,209.85,39.00,40.68,48.00,49.86,45.21,1.89
374.00,367.19,49.00,53.97,210.40,40.00,41.16,49.00,50.30,45.67,1.89
359.00,366.44,49.00,53.49,209.78,39.00,40.95,46.00,49.90,45.36,1.89
368.00,366.57,54.00,53.53,209.87,41.00,40.96,47.00,49.62,45.23,1.89
383.00,367.45,57.00,53.36,210.22,48.00,41.36,56.00,49.89,45.56,1.89
366.00,368.86,49.00,53.27,210.88,39.00,41.72,47.00,50.25,45.92,1.89
368.00,367.95,54.00,53.23,210.40,45.00,41.80,54.00,50.40,46.04,1.89
387.00,369.72,57.00,53.58,211.46,47.00,42.29,56.00,50.93,46.55,1.89
391.00,371.73,64.00,54.55,212.96,51.00,43.11,62.00,51.97,47.48,1.90
364.00,369.98,51.00,53.94,211.77,39.00,42.40,50.00,51.74,47.01,1.89
384.00,371.62,60.00,55.03,213.14,48.00,43.31,57.00,52.86,48.02,1.90
358.00,370.16,54.00,54.77,212.28,40.00,42.82,49.00,52.27,47.48,1.89
359.00,369.10,49.00,54.24,211.48,39.00,42.46,49.00,51.96,47.15,1.89
361.00,368.32,48.00,53.64,210.79,40.00,42.22,49.00,51.68,46.89,1.87
371.00,370.15,48.00,53.65,211.71,39.00,42.58,52.00,52.67,47.57,1.89
358.00,368.50,49.00,52.72,210.42,41.00,42.29,52.00,52.47,47.32,1.87
380.00,370.19,55.00,52.93,211.37,48.00,43.40,61.00,54.00,48.64,1.86
358.00,369.07,47.00,52.38,210.54,42.00,43.28,53.00,53.93,48.54,1.85
355.00,367.74,41.00,51.31,209.34,39.00,42.89,54.00,53.94,48.35,1.84
353.00,365.41,50.00,50.79,207.91,39.00,42.18,54.00,53.87,47.96,1.83
355.00,363.92,49.00,50.37,206.95,39.00,41.60,51.00,53.44,47.46,1.83
359.00,362.65,47.00,49.84,206.06,37.00,40.84,49.00,52.64,46.68,1.83
369.00,363.22,56.00,50.40,206.62,46.00,41.31,51.00,52.47,46.83,1.83
385.00,365.25,57.00,51.03,207.95,46.00,41.75,58.00,52.98,47.30,1.84
364.00,366.89,54.00,51.75,209.13,42.00,42.16,54.00,53.26,47.64,1.85
376.00,368.64,53.00,52.16,210.21,40.00,42.03,56.00,53.75,47.83,1.86
368.00,369.07,48.00,52.12,210.41,38.00,41.65,51.00,53.70,47.62,1.86
373.00,369.44,54.00,52.28,210.68,40.00,41.49,54.00,53.73,47.55,1.87
358.00,368.39,52.00,52.26,210.14,36.00,40.97,50.00,53.38,47.12,1.87
367.00,370.37,51.00,52.81,211.40,37.00,41.28,49.00,53.80,47.48,1.87
358.00,368.16,49.00,52.48,210.13,37.00,40.59,51.00,53.38,46.92,1.87
363.00,366.77,51.00,52.29,209.34,39.00,40.55,54.00,53.83,47.13,1.86
359.00,366.02,48.00,51.89,208.76,37.00,40.21,53.00,53.75,46.92,1.85
377.00,367.02,53.00,51.98,209.31,39.00,40.09,56.00,53.96,46.96,1.86
380.00,367.03,55.00,52.00,209.32,47.00,40.55,60.00,54.53,47.48,1.85
355.00,367.05,50.00,52.25,209.46,39.00,41.06,51.00,54.77,47.85,1.85
363.00,365.62,54.00,51.87,208.56,42.00,40.72,56.00,54.56,47.58,1.84
375.00,366.48,55.00,52.17,209.13,45.00,41.12,56.00,54.70,47.84,1.85
396.00,369.24,60.00,52.90,210.88,49.00,41.86,62.00,55.38,48.55,1.86
355.00,367.27,47.00,52.21,209.55,38.00,41.27,51.00,54.70,47.92,1.85
380.00,369.79,59.00,53.16,211.28,47.00,42.21,60.00,55.47,48.77,1.86
361.00,369.81,47.00,52.67,211.05,40.00,42.35,51.00,55.11,48.66,1.86
354.00,368.33,49.00,52.32,210.13,39.00,42.03,50.00,54.63,48.27,1.85
356.00,367.15,47.00,51.82,209.29,39.00,41.75,51.00,54.28,47.95,1.85
387.00,371.28,63.00,53.72,212.30,57.00,44.04,57.00,55.27,49.59,1.86
363.00,369.58,51.00,52.92,211.06,39.00,43.26,54.00,54.97,49.05,1.86
382.00,371.45,59.00,54.35,212.71,46.00,43.84,62.00,56.31,50.01,1.86
369.00,371.25,53.00,54.24,212.55,39.00,43.39,56.00,56.30,49.78,1.86
377.00,371.79,59.00,54.69,213.04,46.00,43.63,60.00,56.65,50.08,1.86
375.00,370.65,57.00,54.25,212.26,45.00,43.27,58.00,56.39,49.77,1.86
361.00,369.78,47.00,53.73,211.56,39.00,43.02,52.00,56.03,49.47,1.86
355.00,366.85,47.00,52.59,209.53,39.00,42.21,53.00,55.31,48.69,1.84
371.00,367.20,53.00,52.61,209.71,43.00,42.27,56.00,55.36,48.75,1.84
387.00,369.03,61.00,53.39,211.02,51.00,43.08,63.00,56.07,49.51,1.85
355.00,366.55,49.00,52.53,209.34,37.00,42.00,49.00,54.90,48.39,1.84
374.00,365.69,55.00,52.44,208.87,46.00,42.19,60.00,55.20,48.63,1.84
355.00,366.27,51.00,52.88,209.38,38.00,41.87,51.00,54.71,48.23,1.85
356.00,365.31,48.00,52.42,208.67,36.00,41.32,49.00,54.17,47.68,1.84
359.00,364.70,51.00,52.28,208.29,37.00,40.90,48.00,53.58,47.18,1.85
384.00,368.14,58.00,53.73,210.74,47.00,42.07,60.00,54.71,48.33,1.86
354.00,366.08,51.00,53.26,209.47,39.00,41.53,49.00,53.70,47.55,1.85
380.00,367.52,58.00,53.76,210.44,47.00,42.25,56.00,54.10,48.11,1.86
365.00,367.31,52.00,53.61,210.26,44.00,42.42,51.00,53.81,48.05,1.86
391.00,369.51,61.00,54.29,211.71,51.00,43.23,63.00,54.66,48.88,1.86
372.00,368.89,62.00,54.83,211.66,48.00,43.50,56.00,54.23,48.80,1.86
368.00,370.13,55.00,55.23,212.48,42.00,43.85,50.00,54.08,48.90,1.87
355.00,367.42,48.00,54.20,210.61,39.00,43.16,45.00,52.53,47.78,1.86
370.00,367.63,57.00,54.45,210.84,47.00,43.51,52.00,52.46,47.92,1.86
352.00,366.17,49.00,53.94,209.85,39.00,43.09,44.00,51.66,47.31,1.86
350.00,363.48,50.00,53.05,208.06,38.00,42.17,46.00,50.36,46.20,1.85
365.00,362.66,56.00,53.04,207.65,43.00,41.78,49.00,49.66,45.66,1.85
353.00,360.82,48.00,52.31,206.36,38.00,41.18,43.00,48.62,44.84,1.85
357.00,360.44,52.00,52.27,206.15,38.00,40.88,44.00,48.17,44.46,1.85
352.00,359.64,53.00,52.33,205.78,38.00,40.60,44.00,47.77,44.12,1.85
384.00,363.63,60.00,53.53,208.38,46.00,41.56,52.00,48.51,44.97,1.87
352.00,361.52,46.00,52.63,206.87,35.00,40.57,41.00,47.43,43.93,1.86
376.00,363.67,60.00,53.68,208.47,46.00,41.35,50.00,47.70,44.46,1.89
364.00,363.73,50.00,53.35,208.34,39.00,41.14,44.00,47.36,44.18,1.89
364.00,363.76,53.00,53.32,208.34,39.00,40.94,43.00,46.94,43.88,1.89
355.00,362.03,50.00,52.81,207.21,37.00,40.32,44.00,46.14,43.16,1.89
355.00,362.55,50.00,52.90,207.52,39.00,40.50,44.00,46.35,43.36,1.89
359.00,361.91,54.00,52.57,207.03,40.00,40.23,48.00,46.47,43.29,1.87
368.00,362.46,56.00,52.89,207.47,44.00,40.58,55.00,47.26,43.86,1.87
393.00,365.31,62.00,53.74,209.32,51.00,41.56,60.00,48.47,44.95,1.89
355.00,364.65,48.00,53.17,208.70,39.00,41.56,48.00,48.51,44.97,1.87
384.00,367.00,63.00,54.32,210.45,50.00,42.90,53.00,49.32,46.05,1.89
368.00,368.61,54.00,54.72,211.46,41.00,43.02,46.00,49.43,46.16,1.90
355.00,367.36,54.00,54.66,210.80,42.00,42.92,47.00,49.20,46.00,1.89
353.00,366.01,48.00,54.04,209.82,41.00,42.75,47.00,49.00,45.81,1.89
353.00,365.80,51.00,54.26,209.82,40.00,43.03,50.00,50.03,46.46,1.87
359.00,364.03,53.00,53.59,208.60,39.00,42.30,49.00,49.86,46.01,1.86
380.00,364.70,59.00,54.30,209.29,55.00,43.36,52.00,49.89,46.56,1.86
360.00,364.29,56.00,54.46,209.17,41.00,43.16,49.00,49.81,46.42,1.86
363.00,364.16,57.00,54.71,209.22,44.00,43.24,50.00,49.83,46.47,1.86
355.00,362.51,55.00,54.34,208.22,42.00,42.93,48.00,49.50,46.15,1.86
358.00,363.58,53.00,55.22,209.19,40.00,43.36,49.00,50.10,46.66,1.86
354.00,361.77,55.00,55.19,208.27,40.00,42.84,48.00,49.81,46.26,1.86
367.00,362.23,60.00,55.63,208.72,44.00,42.94,55.00,50.29,46.55,1.86
359.00,361.93,59.00,55.96,208.73,46.00,43.22,56.00,50.83,46.96,1.85
355.00,360.68,55.00,55.80,208.03,42.00,43.18,48.00,50.43,46.74,1.85
372.00,360.96,63.00,56.57,208.55,51.00,43.81,58.00,51.00,47.34,1.85
350.00,360.13,56.00,56.57,208.14,43.00,43.68,49.00,50.66,47.10,1.85
355.00,359.63,54.00,56.34,207.77,39.00,43.25,48.00,50.41,46.76,1.85
359.00,359.56,57.00,56.39,207.76,41.00,43.03,49.00,50.27,46.58,1.85
357.00,360.73,51.00,56.81,208.56,42.00,43.52,50.00,50.91,47.15,1.85
352.00,359.77,58.00,56.67,208.01,40.00,42.98,52.00,50.76,46.80,1.85
384.00,361.86,67.00,57.14,209.29,51.00,43.46,65.00,52.11,47.72,1.85
358.00,361.54,57.00,57.15,209.13,41.00,43.24,51.00,52.04,47.57,1.85
358.00,361.21,52.00,56.67,208.73,39.00,42.84,51.00,51.94,47.33,1.85
352.00,360.16,57.00,56.64,208.18,40.00,42.33,52.00,51.87,47.03,1.85
355.00,359.56,56.00,56.52,207.83,39.00,41.89,52.00,51.98,46.87,1.84
348.00,357.64,52.00,56.05,206.63,44.00,42.00,54.00,52.17,47.02,1.83
363.00,358.11,60.00,56.41,207.04,50.00,42.75,60.00,52.91,47.76,1.83
377.00,359.87,61.00,56.84,208.14,52.00,43.62,60.00,53.58,48.54,1.83
363.00,361.85,59.00,57.33,209.37,49.00,44.79,58.00,54.57,49.61,1.83
369.00,362.82,56.00,57.10,209.74,51.00,45.76,57.00,55.20,50.41,1.83
360.00,362.60,51.00,56.44,209.30,52.00,46.81,56.00,55.53,51.11,1.82
371.00,363.38,61.00,56.85,209.90,57.00,47.78,57.00,55.67,51.66,1.82
352.00,362.34,56.00,56.77,209.34,51.00,48.11,53.00,55.43,51.70,1.80
359.00,361.46,59.00,56.83,208.93,78.00,51.16,62.00,55.92,53.47,1.78
352.00,359.66,58.00,57.39,208.31,87.00,57.76,65.00,57.56,57.59,1.72
353.00,358.06,58.00,58.30,207.96,78.00,64.51,66.00,60.42,62.40,1.67
375.00,359.62,63.00,58.74,208.96,76.00,65.64,67.00,61.06,63.28,1.67
374.00,360.15,62.00,59.08,209.40,81.00,67.52,70.00,62.09,64.74,1.66
353.00,361.41,56.00,59.40,210.19,89.00,72.03,70.00,64.32,68.11,1.63
350.00,359.19,52.00,57.90,208.33,88.00,74.98,67.00,64.84,69.84,1.59
369.00,360.08,60.00,58.08,208.86,90.00,76.43,71.00,65.42,70.86,1.59
387.00,362.60,64.00,58.63,210.40,94.00,78.12,75.00,66.33,72.16,1.59
355.00,363.80,56.00,58.94,211.16,83.00,79.84,70.00,67.46,73.58,1.57
369.00,365.18,57.00,58.60,211.67,105.00,84.14,86.00,70.89,77.45,1.54
355.00,364.24,50.00,57.31,210.56,115.00,90.80,91.00,75.17,82.92,1.46
358.00,363.64,57.00,57.26,210.23,110.00,92.67,95.00,77.07,84.80,1.44
344.00,361.80,48.00,56.39,208.88,99.00,93.34,83.00,77.69,85.45,1.41
347.00,359.44,51.00,55.40,207.20,112.00,95.98,83.00,78.96,87.40,1.37
355.00,358.24,54.00,54.86,206.33,137.00,101.33,105.00,82.28,91.74,1.31
348.00,356.54,48.00,54.22,205.16,190.00,116.33,120.00,89.04,102.62,1.17
352.00,356.09,52.00,54.00,204.83,177.00,122.20,124.00,92.39,107.23,1.11
348.00,355.32,51.00,53.71,204.30,182.00,127.97,135.00,96.47,112.15,1.06
359.00,357.07,56.00,54.20,205.41,168.00,136.28,135.00,103.80,119.98,0.98
364.00,356.86,54.00,54.08,205.25,171.00,142.54,136.00,109.57,125.98,0.91
361.00,358.91,61.00,55.41,206.94,207.00,152.27,163.00,118.69,135.41,0.82
360.00,359.03,61.00,55.94,207.26,190.00,155.95,158.00,122.49,139.15,0.78
384.00,361.37,71.00,57.36,209.14,191.00,159.35,167.00,126.77,142.99,0.76
384.00,365.06,68.00,59.58,212.09,184.00,164.29,161.00,132.92,148.54,0.72
376.00,367.71,69.00,61.40,214.33,246.00,175.36,183.00,140.59,157.90,0.64
376.00,369.25,67.00,62.10,215.45,263.00,189.51,220.00,152.94,171.16,0.51
372.00,369.54,65.00,62.39,215.74,246.00,195.02,235.00,160.79,177.83,0.43
368.00,369.41,62.00,62.36,215.67,222.00,197.72,227.00,167.19,182.39,0.38
365.00,368.98,64.00,62.58,215.55,231.00,204.32,223.00,178.19,191.19,0.28
364.00,368.59,60.00,62.38,215.26,213.00,206.38,207.00,184.73,195.48,0.22
360.00,367.13,56.00,61.32,214.00,211.00,207.79,206.00,188.79,198.22,0.17
353.00,365.79,56.00,60.81,213.07,190.00,206.16,197.00,189.63,197.83,0.17
355.00,364.75,59.00,60.62,212.46,183.00,203.98,185.00,189.25,196.55,0.17
359.00,363.07,57.00,59.44,211.03,188.00,200.27,178.00,186.82,193.48,0.20
351.00,361.13,55.00,59.06,209.86,179.00,197.60,185.00,187.68,192.57,0.20
355.00,359.98,57.00,58.93,209.23,186.00,195.36,185.00,188.06,191.64,0.20
358.00,359.78,58.00,58.84,209.08,189.00,194.72,184.00,187.67,191.13,0.20
348.00,358.67,57.00,58.67,208.44,163.00,191.74,164.00,185.47,188.53,0.22
354.00,357.45,53.00,57.90,207.45,167.00,188.16,159.00,180.83,184.43,0.26
347.00,355.63,54.00,57.36,206.27,176.00,186.58,152.00,175.82,181.13,0.29
354.00,356.17,60.00,57.73,206.72,177.00,186.11,179.00,176.72,181.34,0.29
354.00,355.96,60.00,57.94,206.72,180.00,185.50,175.00,176.54,180.95,0.29
353.00,355.68,56.00,57.77,206.49,158.00,182.93,163.00,175.28,179.03,0.31
363.00,359.40,63.00,59.74,209.34,176.00,184.64,169.00,176.88,180.69,0.32
379.00,361.41,67.00,60.47,210.71,209.00,186.32,199.00,178.43,182.30,0.32
359.00,362.93,56.00,60.46,211.47,181.00,186.97,167.00,178.50,182.66,0.32
353.00,362.01,58.00,60.23,210.89,175.00,185.85,169.00,177.60,181.65,0.33
348.00,360.71,51.00,59.37,209.80,176.00,184.92,172.00,177.07,180.92,0.32
348.00,358.65,53.00,58.03,208.11,165.00,181.48,166.00,174.88,178.11,0.33
359.00,357.80,55.00,57.11,207.23,172.00,177.56,170.00,172.58,175.00,0.37
353.00,356.66,51.00,56.34,206.27,179.00,176.45,180.00,173.01,174.66,0.36
352.00,356.22,52.00,55.92,205.84,176.00,176.40,180.00,173.67,174.97,0.34
344.00,355.06,50.00,55.36,204.98,211.00,179.61,199.00,176.04,177.75,0.31
343.00,351.91,51.00,53.63,202.54,225.00,186.13,186.00,177.93,181.96,0.23
351.00,350.93,53.00,52.90,201.68,204.00,189.03,187.00,178.56,183.72,0.20
353.00,351.02,56.00,53.70,202.13,215.00,193.42,184.00,179.56,186.42,0.17
391.00,354.74,70.00,55.22,204.75,245.00,198.30,204.00,181.85,190.00,0.16
374.00,356.04,67.00,57.03,206.30,235.00,204.18,201.00,184.23,194.13,0.14
345.00,356.80,57.00,58.02,207.17,191.00,203.77,175.00,183.33,193.48,0.15
366.00,357.68,56.00,57.85,207.53,256.00,206.59,197.00,183.70,195.07,0.14
354.00,357.35,57.00,57.77,207.32,263.00,211.94,204.00,185.62,198.71,0.09
344.00,356.11,51.00,57.14,206.39,231.00,213.84,184.00,185.51,199.60,0.07
364.00,357.84,64.00,58.27,207.82,199.00,213.11,172.00,183.71,198.34,0.10
353.00,356.91,57.00,57.88,207.16,189.00,208.62,169.00,180.18,194.32,0.14
359.00,357.96,55.00,58.23,207.86,201.00,209.60,185.00,183.14,196.29,0.13
348.00,357.04,56.00,58.02,207.29,193.00,208.02,176.00,182.48,195.18,0.14
352.00,356.56,63.00,58.48,207.28,195.00,206.78,173.00,181.60,194.12,0.15
358.00,357.32,64.00,59.56,208.20,230.00,207.27,198.00,181.58,194.35,0.15
355.00,356.65,57.00,59.64,207.90,211.00,208.22,182.00,182.02,195.04,0.14
361.00,357.85,61.00,59.80,208.58,199.00,206.93,161.00,178.77,192.78,0.17
364.00,358.43,61.00,59.91,208.93,243.00,210.28,172.00,178.10,194.11,0.16
358.00,358.72,57.00,59.66,208.95,200.00,209.97,159.00,174.63,192.22,0.18
360.00,359.05,64.00,60.00,209.28,169.00,203.91,148.00,170.22,186.99,0.25
359.00,359.04,60.00,60.27,209.41,157.00,195.73,134.00,163.88,179.73,0.33
349.00,357.59,52.00,59.22,208.16,205.00,192.99,146.00,159.25,176.04,0.37
376.00,359.28,57.00,59.00,208.89,228.00,196.23,174.00,160.55,178.31,0.34
364.00,358.51,62.00,58.40,208.21,183.00,194.77,152.00,158.65,176.63,0.36
353.00,359.86,55.00,58.47,208.92,135.00,186.78,119.00,153.49,170.06,0.44
374.00,360.42,59.00,58.04,208.99,127.00,175.29,124.00,146.88,161.00,0.54
372.00,361.52,64.00,58.60,209.82,136.00,171.46,126.00,144.85,158.07,0.59
355.00,360.94,52.00,57.99,209.22,126.00,167.08,118.00,142.26,154.59,0.62
370.00,361.28,63.00,58.28,209.53,128.00,158.92,115.00,136.91,147.84,0.70
356.00,360.17,54.00,57.52,208.60,98.00,148.68,92.00,129.34,138.93,0.79
371.00,360.46,56.00,57.15,208.55,116.00,140.86,108.00,123.71,132.21,0.87
358.00,360.25,50.00,56.48,208.11,102.00,137.13,96.00,121.05,129.01,0.91
377.00,361.80,65.00,57.25,209.28,128.00,136.14,125.00,121.32,128.65,0.92
374.00,364.20,57.00,57.48,210.59,102.00,131.04,107.00,119.39,125.14,0.98
365.00,364.39,49.00,56.65,210.27,83.00,123.25,94.00,115.31,119.20,1.05
360.00,364.22,53.00,55.80,209.76,74.00,114.68,86.00,110.14,112.33,1.11
364.00,364.20,48.00,55.06,209.38,73.00,110.66,85.00,107.72,109.11,1.15
362.00,363.99,48.00,54.39,208.94,95.00,109.06,81.00,105.15,107.02,1.16
361.00,363.19,49.00,53.56,208.13,95.00,106.24,83.00,100.80,103.44,1.20
351.00,362.37,50.00,53.25,207.56,79.00,102.23,73.00,96.41,99.24,1.24
371.00,363.20,60.00,53.76,208.23,75.00,97.42,74.00,92.46,94.86,1.30
367.00,363.57,57.00,54.07,208.56,71.00,94.89,73.00,90.57,92.65,1.32
370.00,364.18,56.00,54.26,208.96,80.00,93.42,76.00,89.15,91.20,1.34
353.00,362.36,56.00,54.23,208.04,88.00,91.06,71.00,85.56,88.23,1.37
361.00,362.44,55.00,54.38,208.15,79.00,89.19,68.00,82.59,85.81,1.40
350.00,360.37,49.00,53.41,206.64,65.00,85.15,59.00,78.55,81.77,1.43
355.00,359.84,56.00,53.64,206.49,66.00,83.31,63.00,77.04,80.09,1.45
350.00,358.90,52.00,53.49,205.94,59.00,80.98,58.00,75.21,78.01,1.46
347.00,358.63,52.00,53.65,205.88,55.00,76.83,55.00,72.11,74.39,1.51
355.00,356.83,51.00,52.91,204.61,55.00,72.56,55.00,68.70,70.55,1.54
359.00,356.84,48.00,52.37,204.35,52.00,69.04,51.00,65.80,67.34,1.57
351.00,356.30,47.00,51.85,203.82,48.00,67.01,51.00,64.37,65.61,1.59
359.00,356.54,52.00,51.85,203.94,52.00,65.55,56.00,63.54,64.46,1.60
366.00,357.63,51.00,51.43,204.27,49.00,62.42,54.00,61.86,62.06,1.63
361.00,358.08,46.00,50.88,204.23,46.00,59.58,55.00,60.68,60.05,1.66
359.00,358.61,50.00,50.80,204.44,44.00,56.89,54.00,59.45,58.09,1.68
363.00,359.03,49.00,50.62,204.57,44.00,55.64,54.00,58.92,57.20,1.69
353.00,358.39,49.00,50.07,203.97,41.00,52.96,51.00,57.47,55.13,1.70
352.00,357.23,47.00,49.42,203.07,42.00,50.84,51.00,56.20,53.44,1.71
350.00,355.83,43.00,48.60,201.96,39.00,48.67,49.00,55.05,51.78,1.72
347.00,354.13,40.00,47.39,200.50,39.00,46.89,48.00,53.76,50.24,1.72
347.00,353.44,41.00,46.77,199.85,39.00,46.12,48.00,53.20,49.58,1.72
348.00,353.81,41.00,46.48,199.89,41.00,45.68,47.00,52.84,49.18,1.72
344.00,352.30,46.00,45.95,198.86,44.00,44.93,51.00,52.23,48.50,1.72
372.00,355.29,52.00,46.68,200.72,48.00,45.55,57.00,52.99,49.19,1.74
348.00,354.64,48.00,46.81,200.47,41.00,45.13,51.00,52.81,48.89,1.74
348.00,354.03,41.00,46.28,199.89,39.00,44.56,51.00,52.64,48.52,1.74
348.00,352.93,49.00,46.33,199.37,48.00,44.55,55.00,52.72,48.55,1.72
348.00,352.20,46.00,46.10,198.89,44.00,44.45,49.00,52.22,48.26,1.72
342.00,350.52,39.00,45.34,197.67,41.00,44.01,49.00,51.72,47.78,1.71
363.00,351.66,55.00,46.22,198.68,43.00,43.91,51.00,51.65,47.69,1.72
352.00,353.37,41.00,46.42,199.64,52.00,45.70,50.00,52.04,48.78,1.72
361.00,353.81,49.00,46.62,199.96,56.00,47.40,54.00,52.39,49.81,1.72
363.00,355.91,51.00,47.16,201.27,52.00,48.61,54.00,52.77,50.61,1.72
355.00,354.92,47.00,46.71,200.55,49.00,48.44,49.00,51.84,50.06,1.72
344.00,353.91,43.00,46.36,199.87,44.00,48.03,46.00,51.29,49.58,1.72
353.00,355.97,43.00,46.70,201.07,44.00,48.34,48.00,51.72,49.95,1.74
344.00,353.66,39.00,45.66,199.40,39.00,47.00,49.00,51.22,49.03,1.72
376.00,356.16,56.00,46.98,201.31,54.00,47.72,63.00,52.64,50.09,1.74
353.00,355.90,45.00,46.81,201.09,43.00,47.28,48.00,52.23,49.67,1.74
380.00,358.15,55.00,47.57,202.60,51.00,47.62,57.00,52.67,50.06,1.75
371.00,359.39,53.00,48.48,203.67,48.00,47.78,57.00,53.37,50.49,1.76
363.00,360.60,55.00,49.59,204.83,48.00,47.91,56.00,53.95,50.85,1.76
358.00,359.47,51.00,49.35,204.15,44.00,46.78,55.00,53.80,50.21,1.76
359.00,359.43,51.00,49.51,204.21,46.00,46.70,55.00,53.92,50.23,1.76
376.00,360.96,55.00,50.02,205.23,52.00,47.18,60.00,54.49,50.75,1.77
347.00,359.18,47.00,49.41,204.03,41.00,45.91,48.00,53.34,49.54,1.77
375.00,359.92,56.00,49.63,204.51,51.00,45.94,57.00,53.20,49.49,1.78
355.00,360.96,47.00,49.34,204.89,42.00,45.58,47.00,52.26,48.84,1.79
350.00,359.95,48.00,49.22,204.32,41.00,45.15,47.00,51.76,48.37,1.78
352.00,359.19,47.00,49.01,203.83,42.00,44.84,47.00,51.30,47.99,1.78
376.00,362.53,58.00,50.35,206.18,50.00,45.84,60.00,52.58,49.13,1.80
358.00,361.33,47.00,49.77,205.29,44.00,45.44,48.00,52.04,48.65,1.79
380.00,363.64,55.00,50.88,206.99,51.00,46.35,57.00,52.84,49.51,1.80
384.00,365.57,57.00,51.46,208.25,58.00,47.44,57.00,53.23,50.25,1.80
390.00,367.90,63.00,52.55,209.96,60.00,48.64,64.00,54.25,51.36,1.82
376.00,367.71,56.00,52.43,209.80,54.00,49.04,60.00,54.45,51.66,1.82
377.00,369.58,51.00,52.70,210.87,55.00,50.22,59.00,55.45,52.75,1.82
348.00,366.35,45.00,51.50,208.66,43.00,49.21,52.00,54.77,51.90,1.79
367.00,366.37,49.00,51.25,208.54,51.00,49.36,57.00,54.97,52.08,1.79
355.00,365.30,48.00,50.94,207.85,45.00,48.96,51.00,54.60,51.70,1.79
356.00,363.68,49.00,50.92,207.03,44.00,48.31,49.00,53.76,50.95,1.79
356.00,362.44,51.00,50.93,206.41,45.00,47.70,52.00,53.43,50.48,1.78
355.00,363.84,51.00,51.98,207.64,44.00,47.46,51.00,53.33,50.31,1.80
352.00,362.72,52.00,51.98,207.08,44.00,47.13,49.00,52.92,49.94,1.80
390.00,365.24,77.00,54.32,209.51,46.00,47.01,54.00,53.01,49.93,1.83
382.00,368.90,81.00,60.37,214.37,51.00,47.72,57.00,53.90,50.72,1.87
361.00,369.63,70.00,63.33,216.21,44.00,47.58,47.00,53.45,50.43,1.90
371.00,368.85,63.00,63.16,215.73,46.00,47.12,51.00,53.00,49.97,1.90
361.00,368.12,63.00,63.16,215.36,45.00,46.92,51.00,52.80,49.78,1.90
347.00,366.13,52.00,62.12,213.86,39.00,46.17,47.00,52.26,49.13,1.89
342.00,361.92,57.00,60.84,211.11,39.00,44.86,48.00,51.39,48.04,1.87
349.00,359.00,62.00,61.11,209.78,39.00,43.78,48.00,50.76,47.19,1.86
353.00,357.51,67.00,62.16,209.56,39.00,42.90,49.00,50.43,46.58,1.86
351.00,356.88,71.00,63.00,209.66,39.00,42.52,50.00,50.38,46.37,1.87
368.00,357.89,92.00,65.72,211.53,42.00,42.46,51.00,50.44,46.36,1.90
376.00,362.96,93.00,71.47,216.94,44.00,43.42,53.00,51.68,47.46,1.94
378.00,364.96,88.00,74.03,219.22,48.00,43.82,57.00,52.13,47.89,1.97
385.00,369.04,125.00,82.90,225.70,50.00,45.02,63.00,54.01,49.43,2.02
376.00,369.75,128.00,87.23,228.21,44.00,44.95,54.00,54.03,49.40,2.05
371.00,369.90,126.00,90.98,230.17,44.00,44.86,56.00,54.23,49.46,2.07
396.00,372.46,132.00,98.17,235.04,50.00,45.44,62.00,55.38,50.32,2.11
373.00,372.71,115.00,101.18,236.67,43.00,45.19,54.00,55.07,50.04,2.14
384.00,373.71,135.00,105.52,239.34,51.00,45.54,61.00,55.44,50.40,2.16
384.00,374.70,152.00,109.94,242.04,45.00,45.50,56.00,55.51,50.42,2.20
404.00,377.45,165.00,115.18,246.04,49.00,45.82,60.00,55.93,50.79,2.24
407.00,381.46,172.00,125.14,253.02,48.00,46.22,60.00,56.58,51.32,2.31
411.00,387.20,185.00,135.32,260.98,46.00,46.45,56.00,56.84,51.56,2.40
443.00,394.74,265.00,155.89,275.04,51.00,46.84,59.00,56.89,51.78,2.56
432.00,398.35,248.00,164.79,281.29,54.00,47.52,57.00,56.90,52.12,2.63
423.00,400.76,249.00,172.93,286.57,48.00,47.58,51.00,56.35,51.88,2.69
403.00,402.08,214.00,181.81,291.67,48.00,47.58,53.00,55.65,51.53,2.76
408.00,403.97,246.00,190.62,297.01,46.00,47.47,51.00,55.24,51.27,2.82
423.00,406.90,287.00,204.17,305.25,46.00,47.29,51.00,54.55,50.83,2.92
458.00,411.70,291.00,212.51,311.82,52.00,47.73,59.00,54.95,51.25,2.99
462.00,416.51,294.00,220.34,318.14,54.00,48.32,59.00,55.33,51.74,3.06
463.00,423.47,291.00,233.37,328.14,52.00,48.31,59.00,55.31,51.72,3.17
457.00,428.88,316.00,247.72,338.02,51.00,48.80,57.00,55.62,52.12,3.28
460.00,434.60,335.00,262.49,348.26,51.00,48.94,56.00,55.61,52.19,3.40
455.00,436.60,329.00,268.94,352.49,51.00,49.14,59.00,55.93,52.45,3.45
460.00,439.96,287.00,273.87,356.63,51.00,49.48,59.00,56.49,52.90,3.48
433.00,440.52,237.00,269.12,354.54,48.00,49.31,56.00,56.50,52.82,3.46
455.00,442.53,273.00,267.60,354.78,47.00,48.81,57.00,56.50,52.57,3.47
467.00,447.49,287.00,272.09,359.50,45.00,48.20,57.00,56.77,52.40,3.53
463.00,448.99,252.00,270.27,359.34,46.00,47.99,56.00,56.70,52.26,3.53
438.00,447.79,193.00,258.72,352.97,43.00,47.17,56.00,56.57,51.78,3.46
455.00,447.61,222.00,249.93,348.48,43.00,46.40,56.00,56.47,51.35,3.41
443.00,447.82,201.00,242.00,344.63,45.00,45.96,57.00,56.47,51.13,3.37
430.00,446.16,180.00,236.09,340.84,44.00,45.77,55.00,56.34,50.97,3.32
431.00,444.71,179.00,230.60,337.37,39.00,45.13,52.00,55.93,50.45,3.29
430.00,441.59,176.00,219.78,330.40,41.00,44.29,52.00,55.21,49.66,3.22
476.00,444.59,262.00,221.43,332.72,43.00,44.12,51.00,54.88,49.41,3.25
451.00,446.15,223.00,222.85,334.21,41.00,43.56,53.00,54.35,48.87,3.28
440.00,445.61,206.00,221.31,333.17,44.00,43.59,54.00,54.31,48.86,3.26
463.00,447.22,220.00,221.15,333.90,52.00,44.37,63.00,55.12,49.66,3.26
441.00,445.98,286.00,226.73,336.06,43.00,44.23,51.00,54.48,49.27,3.29
440.00,446.36,280.00,236.94,341.36,44.00,44.79,51.00,54.63,49.62,3.34
423.00,443.63,252.00,243.30,343.17,43.00,44.47,50.00,53.79,49.05,3.38
441.00,443.34,239.00,242.99,342.87,51.00,45.08,57.00,54.08,49.49,3.37
433.00,442.36,208.00,239.77,340.77,53.00,45.83,60.00,54.63,50.14,3.33
419.00,437.87,252.00,240.28,338.77,43.00,45.43,51.00,53.91,49.58,3.32
419.00,435.43,236.00,240.99,337.91,45.00,45.61,51.00,53.89,49.66,3.31
417.00,432.23,251.00,241.06,336.35,43.00,45.23,50.00,53.28,49.16,3.30
430.00,431.97,252.00,242.09,336.73,48.00,45.48,54.00,53.33,49.32,3.30
457.00,437.37,255.00,245.73,341.25,52.00,46.57,57.00,54.16,50.27,3.33
477.00,443.18,262.00,248.54,345.56,51.00,47.12,55.00,54.24,50.59,3.38
471.00,449.25,268.00,254.25,351.45,48.00,47.38,51.00,53.92,50.56,3.45
471.00,454.66,271.00,259.60,356.83,48.00,47.50,52.00,53.39,50.36,3.52
497.00,458.67,259.00,259.60,358.83,57.00,48.39,62.00,54.19,51.20,3.53
447.00,457.85,236.00,254.98,356.11,44.00,47.62,51.00,53.46,50.45,3.51
478.00,461.65,281.00,260.45,360.75,54.00,48.76,61.00,54.63,51.61,3.55
440.00,459.04,253.00,260.48,359.46,44.00,48.01,51.00,54.17,51.00,3.54
462.00,459.28,280.00,262.30,360.49,52.00,48.37,59.00,54.62,51.41,3.55
441.00,457.58,268.00,262.87,359.92,50.00,48.53,60.00,55.13,51.74,3.54
432.00,452.85,253.00,261.74,356.99,46.00,48.00,54.00,54.68,51.25,3.51
473.00,456.29,263.00,264.02,359.85,56.00,49.08,60.00,55.63,52.27,3.53
445.00,455.77,230.00,260.18,357.67,48.00,48.90,55.00,55.62,52.17,3.51
463.00,456.43,243.00,258.51,357.16,54.00,49.38,60.00,56.03,52.62,3.49
476.00,458.27,262.00,258.79,358.22,60.00,50.38,68.00,57.16,53.68,3.49
422.00,452.93,192.00,248.84,350.58,48.00,50.07,56.00,56.98,53.43,3.41
451.00,451.46,194.00,238.90,344.88,59.00,51.50,67.00,58.52,54.92,3.32
401.00,443.57,169.00,225.19,334.08,47.00,50.72,56.00,58.10,54.32,3.21
408.00,440.15,163.00,219.20,329.37,52.00,50.83,61.00,58.37,54.51,3.15
435.00,439.55,192.00,216.46,327.70,57.00,51.41,65.00,58.99,55.11,3.13
406.00,434.92,169.00,209.31,321.81,52.00,51.44,58.00,58.74,55.00,3.06
415.00,432.10,160.00,201.75,316.62,54.00,52.08,60.00,59.23,55.56,3.00
403.00,428.01,175.00,196.08,311.74,48.00,51.87,55.00,58.56,55.13,2.94
408.00,426.06,175.00,194.02,309.73,55.00,52.16,61.00,58.78,55.38,2.92
387.00,419.48,196.00,194.52,306.70,47.00,51.58,54.00,58.36,54.88,2.89
384.00,412.98,184.00,192.88,302.62,49.00,51.02,56.00,57.92,54.38,2.85
384.00,409.80,158.00,188.14,298.66,48.00,50.47,53.00,57.12,53.70,2.80
389.00,405.71,176.00,185.69,295.39,48.00,50.10,55.00,56.63,53.28,2.78
393.00,404.45,192.00,186.22,295.03,49.00,49.99,55.00,56.47,53.14,2.77
395.00,402.34,155.00,182.07,291.90,50.00,49.90,53.00,55.75,52.74,2.75
396.00,400.37,132.00,173.95,286.86,48.00,49.64,54.00,55.34,52.40,2.69
382.00,397.73,116.00,164.08,280.60,48.00,49.34,51.00,54.81,51.99,2.62
384.00,396.41,115.00,159.35,277.57,47.00,49.12,52.00,54.54,51.74,2.59
409.00,397.53,115.00,155.06,275.99,56.00,49.75,60.00,55.04,52.30,2.56
380.00,394.56,87.00,143.68,268.82,46.00,49.26,50.00,54.23,51.65,2.49
399.00,395.13,96.00,134.54,264.53,56.00,50.29,59.00,54.81,52.46,2.44
380.00,393.02,99.00,128.21,260.31,49.00,50.08,52.00,54.23,52.06,2.39
384.00,392.15,96.00,125.09,258.32,55.00,50.54,56.00,54.39,52.37,2.36
395.00,392.39,92.00,121.90,256.84,55.00,50.96,57.00,54.63,52.71,2.34
384.00,391.73,83.00,115.55,253.34,50.00,51.15,56.00,54.97,52.97,2.30
387.00,391.21,82.00,109.21,249.90,51.00,51.13,59.00,55.44,53.19,2.25
387.00,390.18,75.00,103.02,246.29,48.00,50.74,56.00,55.55,53.05,2.22
383.00,389.49,76.00,100.40,244.64,48.00,50.48,54.00,55.41,52.85,2.20
371.00,387.75,69.00,97.38,242.26,45.00,49.96,50.00,54.91,52.34,2.17
374.00,386.10,67.00,92.14,238.81,45.00,49.14,51.00,54.54,51.75,2.15
387.00,384.74,70.00,87.53,235.83,49.00,48.66,56.00,54.36,51.42,2.11
385.00,384.68,65.00,83.82,233.94,51.00,48.99,58.00,55.01,51.91,2.09
377.00,383.96,63.00,81.81,232.58,48.00,48.90,54.00,54.92,51.82,2.07
368.00,382.46,61.00,79.81,230.82,48.00,48.81,56.00,55.02,51.83,2.05
380.00,381.37,62.00,76.35,228.55,49.00,49.02,56.00,55.29,52.06,2.02
372.00,379.32,56.00,72.96,225.83,48.00,48.84,56.00,55.42,52.04,1.99
384.00,379.52,70.00,71.75,225.32,62.00,50.25,65.00,56.54,53.30,1.98
376.00,379.19,57.00,70.35,224.46,61.00,51.27,58.00,56.70,53.89,1.95
378.00,379.07,60.00,69.35,223.90,61.00,52.21,57.00,56.73,54.38,1.94
373.00,377.54,56.00,67.25,222.09,56.00,53.27,56.00,56.78,54.94,1.92
373.00,377.65,62.00,66.26,221.65,60.00,54.33,59.00,57.27,55.71,1.90
368.00,376.26,58.00,64.66,220.15,60.00,55.37,56.00,57.13,56.16,1.87
374.00,376.02,60.00,64.21,219.80,60.00,55.82,62.00,57.59,56.61,1.87
371.00,375.54,55.00,63.33,219.12,51.00,55.39,55.00,57.36,56.28,1.86
365.00,374.06,54.00,61.88,217.66,53.00,54.96,53.00,56.75,55.76,1.85
377.00,373.61,61.00,60.83,216.90,57.00,54.71,57.00,56.35,55.44,1.85
368.00,372.33,53.00,59.23,215.47,55.00,54.85,52.00,55.47,55.07,1.84
363.00,371.45,56.00,58.91,214.86,68.00,56.08,59.00,55.79,55.84,1.83
364.00,370.73,51.00,58.15,214.13,64.00,56.84,60.00,56.18,56.42,1.80
376.00,373.63,56.00,58.52,215.76,63.00,58.75,60.00,57.57,58.07,1.80
366.00,372.12,51.00,56.99,214.24,57.00,58.73,55.00,57.22,57.88,1.79
387.00,373.82,59.00,57.58,215.39,73.00,61.13,62.00,57.99,59.46,1.78
368.00,373.30,55.00,57.34,215.01,65.00,61.52,55.00,57.72,59.52,1.78
376.00,373.55,58.00,57.40,215.16,69.00,62.24,59.00,57.83,59.94,1.78
393.00,374.54,63.00,57.37,215.64,70.00,62.97,65.00,58.35,60.56,1.78
367.00,375.21,54.00,57.89,216.24,68.00,64.76,57.00,58.90,61.74,1.77
371.00,373.86,60.00,57.93,215.58,70.00,65.38,67.00,59.75,62.48,1.76
385.00,374.89,63.00,58.40,216.33,79.00,66.67,69.00,60.63,63.56,1.75
380.00,375.38,62.00,58.75,216.75,78.00,67.76,68.00,61.34,64.46,1.75
376.00,375.59,57.00,58.88,216.92,68.00,68.27,64.00,62.11,65.10,1.74
368.00,374.50,55.00,58.27,216.07,63.00,67.69,62.00,62.19,64.85,1.74
364.00,373.03,55.00,57.42,214.90,59.00,65.95,61.00,62.07,63.92,1.72
364.00,372.16,51.00,56.81,214.16,57.00,65.09,60.00,61.88,63.39,1.72
359.00,370.91,49.00,56.06,213.17,59.00,64.50,60.00,61.70,63.00,1.72
357.00,370.35,52.00,55.91,212.81,57.00,63.64,57.00,61.37,62.41,1.72
367.00,369.03,59.00,55.76,212.07,65.00,63.17,71.00,62.31,62.64,1.71
366.00,370.27,52.00,55.69,212.66,58.00,62.75,62.00,63.05,62.81,1.71
355.00,368.84,53.00,55.43,211.81,56.00,62.11,60.00,62.77,62.35,1.71
353.00,367.35,48.00,54.74,210.72,55.00,61.43,58.00,62.33,61.79,1.70
375.00,367.55,60.00,55.23,211.06,69.00,62.42,67.00,62.81,62.52,1.70
352.00,364.75,48.00,53.68,208.89,57.00,61.72,58.00,61.87,61.70,1.69
367.00,363.47,54.00,53.45,208.14,61.00,61.15,63.00,61.54,61.25,1.68
371.00,364.16,54.00,53.50,208.51,56.00,60.66,60.00,61.39,60.94,1.69
387.00,366.29,65.00,54.57,210.10,71.00,61.61,70.00,62.19,61.81,1.70
378.00,366.72,63.00,55.07,210.57,67.00,61.90,67.00,62.46,62.09,1.70
376.00,368.42,57.00,55.70,211.73,62.00,62.37,63.00,62.75,62.46,1.71
355.00,367.25,51.00,55.56,211.08,53.00,61.38,57.00,62.59,61.89,1.71
371.00,367.59,55.00,55.50,211.22,57.00,60.96,63.00,62.62,61.69,1.71
348.00,365.77,49.00,54.90,210.01,51.00,60.02,56.00,62.00,60.92,1.71
352.00,363.86,47.00,53.64,208.42,53.00,59.07,57.00,61.26,60.07,1.70
349.00,360.80,44.00,52.14,206.14,49.00,57.41,56.00,60.38,58.80,1.69
354.00,362.11,51.00,52.51,206.98,49.00,56.90,56.00,60.53,58.62,1.70
352.00,361.15,46.00,51.89,206.19,47.00,55.96,54.00,59.91,57.84,1.70
384.00,363.26,63.00,52.91,207.76,51.00,55.47,56.00,59.53,57.41,1.72
375.00,365.06,54.00,53.39,208.89,56.00,55.54,65.00,60.24,57.80,1.74
355.00,365.11,52.00,53.67,209.06,53.00,55.69,59.00,60.63,58.06,1.72
363.00,364.12,52.00,53.02,208.24,56.00,55.57,63.00,61.06,58.22,1.72
359.00,363.64,50.00,52.74,207.86,54.00,55.42,60.00,60.97,58.10,1.71
391.00,366.17,60.00,53.40,209.46,62.00,56.03,71.00,61.90,58.87,1.72
345.00,363.03,46.00,52.17,207.27,61.00,55.81,57.00,60.61,58.12,1.71
371.00,364.76,54.00,52.40,208.25,72.00,58.64,64.00,61.29,59.87,1.70
350.00,362.39,46.00,50.99,206.36,58.00,58.92,52.00,59.98,59.35,1.69
354.00,361.58,52.00,51.07,205.99,67.00,59.68,59.00,59.87,59.68,1.68
346.00,360.10,46.00,50.59,205.01,67.00,60.38,56.00,59.50,59.85,1.67
344.00,358.11,48.00,50.11,203.78,81.00,63.94,60.00,59.58,61.66,1.63
352.00,356.27,48.00,49.55,202.58,75.00,66.16,57.00,59.02,62.50,1.61
352.00,356.24,49.00,50.04,202.81,92.00,70.85,71.00,60.82,65.74,1.57
353.00,355.92,54.00,50.41,202.84,107.00,74.28,82.00,62.81,68.45,1.54
351.00,355.46,56.00,50.94,202.87,116.00,78.27,94.00,65.77,71.92,1.49
383.00,359.61,64.00,53.13,206.04,134.00,88.42,112.00,74.16,81.20,1.43
351.00,358.82,51.00,53.31,205.74,163.00,100.80,131.00,83.06,91.84,1.30
367.00,359.08,63.00,54.62,206.52,176.00,114.48,143.00,94.02,104.15,1.17
371.00,360.20,63.00,55.42,207.48,192.00,121.91,151.00,99.49,110.61,1.10
385.00,362.53,64.00,56.25,209.06,193.00,128.77,157.00,105.03,116.81,1.06
380.00,365.74,71.00,59.36,212.22,236.00,147.90,193.00,121.58,134.64,0.89
359.00,365.55,63.00,60.59,212.74,277.00,169.47,199.00,135.20,152.24,0.69
359.00,364.38,67.00,61.42,212.57,324.00,198.37,255.00,155.97,177.08,0.40
359.00,363.87,62.00,61.49,212.35,310.00,209.20,255.00,165.51,187.26,0.29
368.00,364.24,75.00,63.59,213.58,324.00,231.98,251.00,181.63,206.71,0.07
366.00,363.96,76.00,66.03,214.66,315.00,249.70,262.00,197.37,223.44,-0.09
357.00,362.62,74.00,67.77,214.86,316.00,261.22,268.00,210.13,235.58,-0.23
367.00,363.73,81.00,70.18,216.62,329.00,272.89,268.00,220.46,246.58,-0.33
369.00,364.23,79.00,71.04,217.30,319.00,277.39,275.00,225.73,251.46,-0.39
374.00,365.31,92.00,73.37,219.01,313.00,283.93,283.00,235.21,259.47,-0.46
374.00,365.77,96.00,76.89,221.00,303.00,287.86,284.00,244.62,266.14,-0.52
388.00,368.92,110.00,82.91,225.58,307.00,291.48,268.00,249.45,270.37,-0.51
396.00,371.50,117.00,86.18,228.50,344.00,296.43,291.00,253.41,274.82,-0.53
387.00,374.72,121.00,92.30,233.17,339.00,305.01,284.00,259.83,282.32,-0.56
386.00,377.25,115.00,96.77,236.67,329.00,309.05,272.00,262.67,285.76,-0.56
389.00,378.63,135.00,101.31,239.64,337.00,314.70,303.00,270.16,292.33,-0.60
390.00,380.80,156.00,111.51,245.82,329.00,318.16,316.00,277.66,297.81,-0.59
405.00,383.09,167.00,116.82,249.62,335.00,319.78,316.00,281.36,300.47,-0.57
406.00,387.79,187.00,129.46,258.29,369.00,327.23,321.00,288.29,307.65,-0.56
396.00,389.71,169.00,136.56,262.80,332.00,330.31,316.00,293.59,311.85,-0.56
382.00,388.55,157.00,139.98,263.92,337.00,332.27,319.00,298.02,315.04,-0.59
396.00,389.23,174.00,143.23,265.89,329.00,332.00,316.00,299.77,315.78,-0.56
390.00,389.32,152.00,144.14,266.39,297.00,328.75,304.00,300.23,314.39,-0.54
395.00,390.00,167.00,146.25,267.78,335.00,328.07,331.00,304.51,316.19,-0.55
401.00,392.16,165.00,149.77,270.63,319.00,327.30,304.00,306.33,316.71,-0.53
412.00,394.64,159.00,151.67,272.81,331.00,328.02,339.00,310.85,319.33,-0.53
440.00,398.91,185.00,154.81,276.52,332.00,328.40,331.00,312.80,320.49,-0.49
447.00,403.49,199.00,159.01,280.91,323.00,327.91,323.00,313.82,320.75,-0.45
460.00,412.16,206.00,165.68,288.58,304.00,325.42,343.00,321.20,323.20,-0.39
440.00,418.04,177.00,169.34,293.35,262.00,316.06,342.00,324.45,320.14,-0.30
442.00,422.65,167.00,169.01,295.49,271.00,308.04,345.00,328.40,318.11,-0.25
451.00,425.37,198.00,171.72,298.20,311.00,308.17,343.00,329.82,318.89,-0.23
448.00,427.57,179.00,172.46,299.67,341.00,311.19,316.00,328.59,319.78,-0.23
429.00,428.71,179.00,174.11,301.07,327.00,313.80,302.00,325.29,319.44,-0.21
430.00,429.41,161.00,171.97,300.34,354.00,319.16,306.00,322.28,320.62,-0.23
403.00,426.24,199.00,174.63,300.09,371.00,327.20,299.00,319.16,323.07,-0.25
409.00,424.58,192.00,176.29,300.09,355.00,329.93,289.00,316.28,323.00,-0.25
399.00,422.16,192.00,177.80,299.63,339.00,330.87,299.00,314.60,322.63,-0.25
407.00,420.73,188.00,180.04,300.04,321.00,332.22,295.00,313.76,322.88,-0.25
419.00,418.98,208.00,184.33,301.31,327.00,332.17,302.00,311.42,321.68,-0.23
412.00,421.50,205.00,189.08,304.95,291.00,327.19,294.00,308.85,317.91,-0.14
414.00,420.79,195.00,189.70,304.90,272.00,321.96,300.00,307.97,314.86,-0.10
414.00,420.16,188.00,189.59,304.53,302.00,319.98,289.00,306.17,312.97,-0.09
419.00,419.58,199.00,191.82,305.35,281.00,315.62,267.00,301.32,308.36,-0.03
415.00,419.44,175.00,190.14,304.44,265.00,307.79,289.00,298.65,303.11,0.01
425.00,421.12,198.00,192.47,306.45,289.00,303.82,319.00,300.94,302.27,0.05
432.00,422.14,213.00,194.39,307.92,304.00,303.75,294.00,300.32,301.93,0.06
456.00,426.18,188.00,193.47,309.48,291.00,299.17,318.00,299.60,299.28,0.11
415.00,425.13,184.00,192.46,308.44,279.00,294.27,284.00,296.99,295.52,0.14
460.00,430.43,238.00,199.06,314.39,300.00,294.95,305.00,298.30,296.52,0.20
440.00,433.20,204.00,200.67,316.58,265.00,291.38,300.00,300.18,295.67,0.23
470.00,436.67,201.00,200.74,318.35,319.00,293.89,348.00,304.64,299.16,0.22
471.00,440.09,207.00,200.07,319.73,280.00,291.17,320.00,306.22,298.58,0.24
445.00,443.06,201.00,200.16,321.26,270.00,287.50,300.00,305.17,296.22,0.29
455.00,445.27,223.00,204.96,324.75,269.00,283.59,312.00,304.49,293.93,0.34
443.00,445.09,192.00,203.80,324.09,265.00,281.81,280.00,302.23,291.91,0.37
438.00,443.06,192.00,200.92,321.63,273.00,278.59,263.00,295.04,286.71,0.39
415.00,438.69,169.00,195.67,316.82,254.00,275.76,243.00,285.57,280.55,0.41
423.00,436.57,185.00,194.95,315.40,294.00,277.84,251.00,279.69,278.65,0.41
399.00,429.68,153.00,188.15,308.56,268.00,274.97,231.00,270.46,272.60,0.40
391.00,425.98,174.00,186.73,306.00,271.00,274.59,233.00,266.84,270.60,0.40
376.00,417.64,141.00,179.98,298.45,252.00,271.89,215.00,258.74,265.20,0.38
376.00,409.55,129.00,171.38,290.11,297.00,271.93,220.00,251.00,261.35,0.32
377.00,402.76,115.00,161.08,281.56,243.00,269.17,204.00,243.43,256.19,0.29
371.00,399.70,112.00,156.35,277.66,236.00,266.04,207.00,239.90,252.86,0.28
374.00,397.19,133.00,154.01,275.24,251.00,264.56,230.00,238.86,251.59,0.26
391.00,397.25,149.00,152.52,274.53,292.00,272.86,271.00,245.31,258.97,0.17
412.00,398.05,155.00,152.39,274.86,310.00,276.08,297.00,250.69,263.27,0.13
371.00,394.33,120.00,147.69,270.65,265.00,275.48,252.00,252.44,263.85,0.07
377.00,392.67,115.00,144.58,268.26,281.00,276.00,257.00,252.91,264.34,0.03
412.00,394.41,143.00,144.34,269.01,319.00,280.02,265.00,254.06,266.92,0.02
416.00,396.14,164.00,145.91,270.66,347.00,293.09,280.00,258.33,275.59,-0.05
384.00,396.08,131.00,145.08,270.21,251.00,289.92,211.00,252.68,271.19,0.00
390.00,393.95,120.00,140.38,266.80,258.00,284.59,202.00,244.01,264.18,0.02
369.00,391.61,97.00,136.28,263.58,220.00,278.50,173.00,237.26,257.77,0.06
366.00,389.16,90.00,131.86,260.15,204.00,271.41,160.00,229.88,250.53,0.10
356.00,383.73,81.00,123.08,253.04,164.00,253.95,136.00,213.96,233.84,0.22
350.00,378.25,69.00,113.71,245.61,131.00,232.81,115.00,196.89,214.74,0.34
364.00,374.79,67.00,104.95,239.50,108.00,210.82,100.00,179.82,195.21,0.51
359.00,373.26,67.00,101.27,236.90,103.00,200.42,94.00,171.54,185.86,0.59
384.00,375.63,70.00,95.57,235.23,99.00,182.87,94.00,158.03,170.33,0.74
375.00,375.62,62.00,89.84,232.37,83.00,165.31,83.00,144.76,154.92,0.89
364.00,374.15,60.00,84.35,228.88,72.00,148.69,73.00,132.02,140.24,1.01
368.00,372.41,56.00,78.88,225.28,66.00,133.56,65.00,120.05,126.69,1.13
365.00,371.70,57.00,76.76,223.86,63.00,126.73,65.00,114.72,120.61,1.18
371.00,371.19,57.00,72.93,221.70,60.00,114.43,62.00,104.92,109.56,1.29
368.00,370.52,54.00,69.88,219.83,55.00,103.75,61.00,96.90,100.20,1.37
358.00,368.78,51.00,66.42,217.23,51.00,94.29,61.00,90.36,92.21,1.44
360.00,367.93,51.00,64.92,216.06,49.00,89.91,61.00,87.51,88.59,1.46
366.00,367.73,52.00,63.67,215.33,50.00,86.04,62.00,85.03,85.42,1.48
366.00,366.96,51.00,61.68,213.95,48.00,79.11,60.00,80.41,79.64,1.54
359.00,366.12,54.00,60.33,212.86,48.00,73.37,59.00,76.55,74.84,1.59
358.00,364.73,54.00,58.73,211.36,49.00,68.77,56.00,72.77,70.65,1.61
355.00,363.80,50.00,57.90,210.48,46.00,66.57,56.00,71.15,68.74,1.62
359.00,363.33,50.00,57.13,209.86,46.00,64.58,54.00,69.49,66.92,1.63
356.00,362.42,53.00,56.62,209.15,47.00,61.33,57.00,67.09,64.09,1.67
359.00,361.78,55.00,55.96,208.50,47.00,58.42,56.00,65.04,61.61,1.68
363.00,361.64,56.00,55.61,208.25,48.00,56.23,56.00,63.37,59.68,1.70
359.00,361.39,57.00,55.74,208.19,46.00,55.24,56.00,62.65,58.83,1.71
359.00,361.16,51.00,55.30,207.86,44.00,54.16,56.00,62.01,57.96,1.71
359.00,361.19,53.00,54.87,207.66,44.00,52.37,56.00,60.73,56.43,1.74
363.00,361.17,51.00,54.00,207.21,45.00,50.84,54.00,59.32,54.96,1.75
355.00,359.98,46.00,52.98,206.11,40.00,49.20,48.00,57.69,53.33,1.75
353.00,359.31,49.00,52.59,205.58,42.00,48.50,49.00,56.85,52.56,1.76
353.00,357.03,46.00,51.30,203.80,43.00,47.14,51.00,55.42,51.16,1.75
344.00,355.61,47.00,50.59,202.73,41.00,46.35,49.00,54.58,50.35,1.75
359.00,355.05,53.00,50.22,202.27,47.00,45.93,55.00,54.12,49.90,1.75
358.00,355.83,47.00,49.99,202.54,43.00,45.65,49.00,53.62,49.52,1.76
352.00,355.48,48.00,49.80,202.27,43.00,45.40,49.00,53.18,49.17,1.76
348.00,354.14,46.00,49.37,201.38,44.00,45.14,51.00,52.60,48.75,1.75
345.00,353.25,43.00,48.73,200.62,41.00,44.65,49.00,52.11,48.26,1.75
336.00,350.82,42.00,47.42,198.75,39.00,43.88,47.00,51.18,47.41,1.74
348.00,350.51,46.00,47.27,198.52,44.00,43.88,51.00,51.15,47.39,1.74
342.00,349.70,42.00,46.77,197.86,39.00,43.42,46.00,50.67,46.92,1.72
335.00,347.20,40.00,45.88,196.17,39.00,42.61,47.00,49.99,46.18,1.71
345.00,346.50,51.00,46.17,195.96,46.00,42.60,55.00,50.18,46.27,1.71
344.00,345.59,45.00,45.62,195.23,39.00,41.95,48.00,49.88,45.80,1.71
342.00,345.25,48.00,45.84,195.17,39.00,41.67,48.00,49.71,45.57,1.71
382.00,348.80,59.00,46.82,197.44,51.00,42.30,55.00,49.79,45.92,1.74
350.00,351.00,46.00,47.82,199.04,41.00,42.94,47.00,50.07,46.39,1.75
363.00,351.64,54.00,48.34,199.62,49.00,43.35,56.00,50.44,46.77,1.75
356.00,353.66,51.00,49.18,201.05,44.00,44.00,51.00,50.99,47.37,1.76
345.00,352.88,51.00,49.36,200.75,43.00,43.91,49.00,50.81,47.24,1.76
350.00,352.19,53.00,49.59,200.52,41.00,43.48,49.00,50.40,46.82,1.76
350.00,351.61,48.00,49.40,200.13,39.00,42.67,47.00,49.69,46.06,1.77
345.00,350.33,47.00,49.14,199.36,38.00,41.81,45.00,48.93,45.25,1.77
350.00,350.28,49.00,49.13,199.33,39.00,41.54,47.00,48.73,45.01,1.77
364.00,351.55,56.00,49.76,200.28,47.00,42.04,54.00,49.22,45.50,1.77
348.00,350.93,49.00,49.47,199.82,39.00,41.50,48.00,48.92,45.08,1.77
368.00,351.75,56.00,50.12,200.56,48.00,42.05,57.00,49.85,45.83,1.77
348.00,353.61,54.00,51.61,202.23,43.00,42.84,47.00,50.22,46.41,1.78
345.00,352.82,48.00,51.29,201.68,41.00,42.67,44.00,49.64,46.04,1.78
345.00,352.01,53.00,51.51,201.38,41.00,42.46,46.00,48.80,45.51,1.78
352.00,351.90,52.00,51.43,201.29,41.00,42.20,44.00,47.84,44.90,1.79
355.00,352.19,52.00,51.71,201.57,41.00,41.98,46.00,47.40,44.57,1.80
343.00,351.07,48.00,51.31,200.81,39.00,41.44,47.00,47.23,44.21,1.79
379.00,353.65,59.00,52.01,202.45,49.00,42.13,57.00,48.14,45.01,1.80
361.00,354.16,57.00,52.49,202.94,48.00,42.51,55.00,48.79,45.52,1.80
372.00,357.82,61.00,53.95,205.50,44.00,43.31,54.00,49.91,46.49,1.83
348.00,355.86,50.00,53.18,204.14,42.00,43.00,51.00,50.22,46.49,1.80
359.00,356.15,58.00,53.63,204.50,48.00,43.46,59.00,51.04,47.13,1.80
368.00,357.25,56.00,53.85,205.17,51.00,44.17,60.00,51.90,47.91,1.80
347.00,357.94,51.00,54.13,205.65,43.00,44.68,52.00,52.64,48.53,1.80
376.00,358.76,62.00,54.42,206.21,52.00,45.22,60.00,53.28,49.13,1.80
369.00,360.54,54.00,54.88,207.33,50.00,46.27,58.00,54.32,50.17,1.80
352.00,359.78,52.00,54.61,206.81,45.00,46.17,51.00,54.03,49.97,1.79
350.00,358.86,54.00,54.55,206.32,46.00,46.15,52.00,53.84,49.87,1.79
385.00,361.80,63.00,55.55,208.29,56.00,47.49,60.00,54.86,51.05,1.80
352.00,360.45,47.00,54.47,207.07,42.00,46.71,47.00,53.55,50.00,1.80
368.00,360.24,55.00,53.85,206.66,51.00,46.86,55.00,53.10,49.86,1.79
380.00,362.09,56.00,54.05,207.68,51.00,47.26,56.00,53.37,50.19,1.80
391.00,364.81,65.00,55.07,209.55,56.00,48.08,60.00,53.99,50.91,1.82
355.00,363.14,49.00,54.26,208.31,44.00,47.37,48.00,52.93,50.03,1.82
381.00,365.56,63.00,55.39,210.09,54.00,48.29,56.00,53.55,50.80,1.83
359.00,364.86,71.00,57.00,210.54,43.00,47.45,49.00,52.65,49.93,1.84
359.00,364.31,71.00,58.34,210.94,44.00,47.12,48.00,52.21,49.54,1.85
366.00,364.45,81.00,60.49,212.08,49.00,47.28,56.00,52.55,49.79,1.86
384.00,368.48,97.00,66.68,217.19,53.00,48.57,57.00,53.52,50.92,1.91
384.00,369.51,139.00,76.07,222.40,51.00,48.42,56.00,53.29,50.73,1.97
430.00,378.51,244.00,101.59,239.66,53.00,49.33,55.00,53.69,51.39,2.16
431.00,383.54,246.00,115.44,249.10,48.00,49.22,48.00,53.17,51.07,2.28
476.00,392.30,337.00,136.49,264.01,51.00,49.39,51.00,52.95,51.05,2.44
479.00,408.07,320.00,172.35,289.82,49.00,49.50,49.00,52.41,50.83,2.74
483.00,421.60,342.00,201.92,311.37,49.00,49.32,49.00,51.70,50.39,2.99
481.00,432.48,380.00,232.67,332.18,48.00,49.17,48.00,51.11,50.02,3.24
480.00,437.10,408.00,249.52,342.92,48.00,49.06,49.00,50.90,49.86,3.37
545.00,447.31,483.00,271.80,359.16,52.00,49.33,51.00,50.90,49.99,3.55
571.00,470.90,563.00,324.93,397.52,57.00,50.37,55.00,51.29,50.70,3.98
542.00,484.91,463.00,354.17,419.15,52.00,50.85,49.00,51.06,50.83,4.23
560.00,496.47,508.00,379.64,437.66,54.00,51.26,48.00,50.76,50.89,4.44
585.00,504.94,536.00,394.67,449.41,54.00,51.52,47.00,50.41,50.84,4.57
593.00,513.40,588.00,413.16,462.88,55.00,51.85,49.00,50.27,50.94,4.72
633.00,535.57,652.00,453.22,494.00,59.00,53.15,51.00,50.30,51.60,5.08
625.00,552.50,644.00,488.59,520.14,57.00,53.86,51.00,50.43,52.02,5.38
639.00,567.29,816.00,530.78,548.63,63.00,55.18,52.00,50.63,52.78,5.69
632.00,573.57,753.00,552.31,562.54,57.00,55.37,52.00,50.76,52.94,5.85
679.00,583.62,718.00,568.43,575.62,59.00,55.72,52.00,50.88,53.17,6.00
711.00,604.10,726.00,593.32,598.30,56.00,56.05,51.00,51.16,53.48,6.25
804.00,631.88,799.00,621.55,626.30,64.00,57.22,56.00,51.95,54.46,6.56
816.00,664.44,898.00,663.56,663.59,63.00,58.02,54.00,52.33,55.05,6.99
763.00,674.17,804.00,677.40,675.38,61.00,58.32,55.00,52.59,55.33,7.13
823.00,688.41,834.00,692.49,690.04,62.00,58.67,52.00,52.54,55.48,7.29
813.00,709.22,825.00,712.24,710.32,63.00,58.95,55.00,52.81,55.75,7.52
775.00,723.52,805.00,729.51,726.10,57.00,58.52,53.00,52.68,55.48,7.70
761.00,731.45,770.00,739.01,734.81,61.00,59.14,54.00,53.18,56.03,7.79
745.00,732.87,772.00,742.27,737.16,60.00,59.22,57.00,53.54,56.26,7.82
718.00,731.58,711.00,739.49,735.12,58.00,59.11,56.00,53.78,56.32,7.79
662.00,721.63,604.00,719.60,720.19,57.00,58.73,56.00,54.19,56.34,7.62
657.00,709.67,592.00,696.25,702.54,56.00,58.50,54.00,54.34,56.29,7.43
624.00,695.70,591.00,675.51,685.17,53.00,57.50,54.00,54.37,55.81,7.23
655.00,691.68,603.00,668.42,679.62,54.00,57.16,53.00,54.24,55.57,7.17
669.00,689.40,615.00,663.16,675.85,57.00,57.13,56.00,54.40,55.64,7.13
604.00,676.41,542.00,645.35,660.45,57.00,57.02,57.00,54.78,55.77,6.94
580.00,660.13,515.00,621.21,640.24,56.00,56.83,56.00,55.01,55.79,6.71
577.00,643.56,499.00,598.17,620.44,55.00,56.58,59.00,55.82,56.07,6.48
575.00,636.92,472.00,586.06,611.06,54.00,56.34,59.00,56.12,56.11,6.37
556.00,622.68,408.00,556.43,589.12,54.00,56.00,59.00,56.48,56.11,6.13
571.00,612.74,457.00,538.81,575.34,50.00,55.09,54.00,56.22,55.53,5.97
569.00,604.05,449.00,519.91,561.54,47.00,53.70,53.00,55.81,54.63,5.82
551.00,596.49,411.00,503.50,549.56,49.00,52.66,56.00,55.49,53.95,5.69
519.00,589.13,389.00,492.53,540.39,47.00,52.11,52.00,55.16,53.51,5.59
501.00,573.83,324.00,464.26,518.61,48.00,51.18,55.00,54.86,52.89,5.34
504.00,559.24,346.00,439.50,498.93,49.00,50.77,55.00,54.62,52.57,5.13
531.00,552.83,369.00,426.49,489.22,53.00,51.33,55.00,54.60,52.84,5.01
516.00,549.28,364.00,420.42,484.41,49.00,51.12,53.00,54.45,52.66,4.95
496.00,544.19,329.00,411.68,477.49,47.00,50.73,55.00,54.50,52.49,4.89
511.00,538.04,335.00,398.35,467.75,50.00,50.68,60.00,55.57,53.00,4.76
496.00,531.47,336.00,387.54,459.06,49.00,50.54,61.00,56.56,53.43,4.66
514.00,528.35,400.00,386.92,457.20,54.00,51.16,64.00,58.01,54.46,4.62
503.00,525.92,404.00,388.48,456.76,51.00,51.15,63.00,58.49,54.69,4.62
483.00,520.19,393.00,392.67,455.99,49.00,51.03,64.00,59.51,55.14,4.60
451.00,508.85,312.00,380.75,444.36,45.00,50.12,58.00,59.52,54.69,4.47
508.00,507.34,440.00,388.32,447.39,46.00,49.45,57.00,59.24,54.22,4.52
519.00,511.27,480.00,408.25,459.32,45.00,48.63,54.00,58.30,53.34,4.66
515.00,511.63,462.00,413.48,462.11,43.00,48.09,53.00,57.79,52.81,4.70
541.00,518.49,471.00,425.82,471.71,45.00,48.38,55.00,57.96,53.04,4.80
530.00,519.71,438.00,425.93,472.38,53.00,48.43,61.00,57.81,52.99,4.82
538.00,525.29,467.00,436.15,480.27,50.00,49.49,55.00,58.34,53.79,4.90
585.00,530.91,512.00,443.33,486.67,49.00,49.45,57.00,58.21,53.71,4.97
568.00,534.52,499.00,448.72,491.17,49.00,49.42,56.00,58.01,53.59,5.02
545.00,540.02,440.00,452.49,495.81,48.00,49.94,56.00,58.25,53.97,5.07
563.00,541.91,435.00,449.52,495.27,55.00,50.33,63.00,58.58,54.33,5.06
503.00,538.63,384.00,438.68,488.20,48.00,50.62,56.00,58.73,54.55,4.98
527.00,537.48,433.00,437.99,487.29,51.00,50.65,60.00,58.85,54.62,4.97
563.00,539.83,472.00,441.09,490.01,65.00,51.99,68.00,59.70,55.72,4.99
535.00,540.37,439.00,442.20,490.84,51.00,52.19,56.00,59.41,55.67,5.00
543.00,540.59,408.00,436.68,488.19,61.00,53.69,64.00,60.31,56.88,4.95
533.00,538.46,433.00,432.21,484.88,52.00,53.59,56.00,59.64,56.49,4.92
579.00,542.21,468.00,435.51,488.41,60.00,54.19,61.00,59.76,56.85,4.95
556.00,543.56,463.00,438.10,490.38,57.00,54.47,61.00,59.88,57.04,4.98
541.00,543.25,504.00,450.53,496.44,51.00,53.86,55.00,59.00,56.30,5.06
549.00,545.33,511.00,461.95,503.19,51.00,53.94,55.00,58.70,56.19,5.13
551.00,546.72,491.00,470.86,508.34,51.00,53.24,57.00,58.04,55.51,5.20
561.00,548.07,505.00,474.16,510.66,57.00,53.58,65.00,58.68,56.00,5.22
604.00,553.31,524.00,478.94,515.67,63.00,54.46,67.00,59.46,56.83,5.26
590.00,560.13,553.00,491.47,525.34,60.00,55.65,65.00,60.31,57.85,5.37
641.00,574.02,558.00,507.13,540.11,62.00,56.64,63.00,60.72,58.55,5.53
618.00,584.34,503.00,512.38,547.90,57.00,56.81,60.00,60.78,58.67,5.62
599.00,585.86,498.00,511.10,548.02,56.00,56.74,57.00,60.43,58.46,5.62
630.00,590.08,595.00,518.94,554.05,57.00,56.77,60.00,60.38,58.45,5.69
608.00,593.11,591.00,531.81,562.00,57.00,56.81,61.00,60.40,58.48,5.78
630.00,601.99,614.00,549.77,575.42,53.00,56.56,60.00,60.33,58.32,5.94
589.00,601.71,540.00,551.38,576.09,53.00,55.83,63.00,60.64,58.10,5.94
578.00,599.51,514.00,547.94,573.27,52.00,55.46,60.00,60.58,57.89,5.92
583.00,597.94,507.00,544.10,570.56,56.00,55.50,58.00,60.34,57.79,5.89
588.00,595.49,527.00,539.02,566.80,56.00,55.67,59.00,60.18,57.79,5.85
598.00,594.68,578.00,543.59,568.67,60.00,56.28,60.00,59.89,57.95,5.86
561.00,590.52,448.00,532.29,560.94,60.00,56.96,58.00,59.63,58.16,5.77
531.00,584.91,396.00,519.43,551.71,59.00,57.16,59.00,59.57,58.23,5.67
529.00,579.56,376.00,505.75,542.19,56.00,57.06,56.00,59.23,58.01,5.56
480.00,564.86,313.00,472.72,518.32,51.00,56.49,54.00,58.72,57.47,5.29
489.00,551.36,289.00,441.39,495.91,55.00,56.12,59.00,58.49,57.18,5.03
451.00,535.46,238.00,406.78,470.65,48.00,55.18,56.00,58.39,56.65,4.76
467.00,528.81,230.00,389.73,458.80,53.00,54.95,62.00,58.72,56.70,4.62
455.00,521.70,205.00,371.96,446.36,52.00,54.67,63.00,59.12,56.76,4.47
433.00,505.89,163.00,334.72,419.84,47.00,53.37,62.00,59.65,56.38,4.17
415.00,489.58,136.00,299.71,394.18,43.00,51.57,60.00,59.72,55.51,3.89
401.00,474.02,119.00,267.27,370.17,41.00,49.63,56.00,59.32,54.34,3.62
399.00,466.77,107.00,251.79,358.81,39.00,48.61,56.00,59.00,53.68,3.51
392.00,453.62,101.00,224.19,338.43,39.00,47.02,56.00,58.54,52.65,3.28
387.00,441.71,87.00,199.20,319.98,38.00,45.45,56.00,58.07,51.63,3.08
385.00,431.09,79.00,177.32,303.73,39.00,44.08,56.00,57.52,50.67,2.91
381.00,421.77,76.00,159.07,289.94,51.00,44.60,56.00,57.23,50.79,2.75
384.00,418.10,72.00,150.64,283.89,48.00,44.93,56.00,57.11,50.89,2.68
381.00,411.34,68.00,135.67,273.03,47.00,45.39,53.00,56.72,50.92,2.55
376.00,405.44,67.00,123.00,263.75,47.00,45.87,54.00,56.22,50.91,2.44
381.00,400.49,63.00,111.94,255.74,44.00,45.54,56.00,56.08,50.68,2.36
376.00,398.12,67.00,107.57,252.37,48.00,45.77,57.00,56.16,50.83,2.31
380.00,396.35,65.00,103.44,249.42,50.00,46.16,56.00,56.15,51.02,2.28
374.00,393.02,65.00,96.34,244.20,49.00,46.68,57.00,56.21,51.32,2.21
378.00,389.73,63.00,89.93,239.35,47.00,46.49,57.00,56.27,51.25,2.16
371.00,386.12,57.00,84.31,234.74,48.00,46.68,61.00,56.78,51.59,2.10
368.00,384.38,58.00,81.76,232.59,49.00,46.90,59.00,56.99,51.81,2.07
364.00,382.42,58.00,79.45,230.46,65.00,48.59,59.00,57.19,52.75,2.03
367.00,379.23,55.00,74.69,226.48,64.00,51.22,60.00,57.44,54.20,1.98
364.00,376.34,56.00,71.41,223.40,65.00,53.75,62.00,58.10,55.79,1.92
361.00,373.78,56.00,68.65,220.74,65.00,55.65,60.00,58.62,57.01,1.87
364.00,372.82,53.00,67.14,219.50,62.00,56.28,59.00,58.67,57.34,1.86
363.00,371.87,55.00,65.96,218.44,63.00,56.93,60.00,58.80,57.73,1.84
363.00,370.23,55.00,64.11,216.69,60.00,57.69,59.00,58.67,58.04,1.82
359.00,368.35,56.00,62.61,215.00,59.00,57.94,56.00,58.27,57.97,1.80
361.00,367.42,57.00,61.31,213.88,59.00,57.97,57.00,57.95,57.83,1.79
364.00,367.08,52.00,60.42,213.27,57.00,57.88,57.00,57.86,57.74,1.78
368.00,367.15,54.00,59.79,212.99,57.00,57.80,56.00,57.68,57.61,1.78
364.00,366.32,51.00,58.53,211.94,63.00,58.73,56.00,57.46,57.96,1.76
364.00,366.49,56.00,57.70,211.61,63.00,59.68,61.00,57.92,58.67,1.75
368.00,366.41,54.00,56.76,211.10,54.00,59.03,56.00,57.93,58.34,1.75
361.00,365.91,56.00,56.68,210.81,54.00,58.55,55.00,57.65,57.97,1.75
363.00,365.63,51.00,56.14,210.40,50.00,57.74,52.00,57.12,57.30,1.76
362.00,365.48,55.00,55.83,210.17,60.00,58.38,57.00,57.26,57.69,1.75
371.00,366.21,55.00,55.24,210.24,59.00,58.67,56.00,57.03,57.71,1.75
365.00,365.91,49.00,54.72,209.83,53.00,58.00,54.00,56.48,57.11,1.75
363.00,365.64,51.00,54.36,209.52,55.00,57.71,56.00,56.43,56.93,1.75
363.00,365.39,53.00,54.22,209.32,59.00,57.82,55.00,56.29,56.92,1.75
364.00,365.04,49.00,53.19,208.63,57.00,57.58,56.00,56.15,56.73,1.74
369.00,365.32,51.00,53.12,208.73,57.00,57.91,57.00,56.30,56.97,1.74
364.00,365.09,49.00,52.63,208.37,54.00,57.47,56.00,56.24,56.72,1.74
367.00,365.26,49.00,52.28,208.29,55.00,57.23,57.00,56.31,56.64,1.74
361.00,364.87,51.00,52.15,208.02,51.00,56.64,58.00,56.47,56.42,1.74
368.00,364.99,47.00,51.39,207.70,60.00,57.83,58.00,56.92,57.24,1.72
366.00,365.00,47.00,50.85,207.44,56.00,57.69,57.00,57.03,57.22,1.72
363.00,364.79,44.00,49.72,206.77,56.00,56.67,54.00,56.50,56.45,1.72
367.00,364.99,44.00,49.17,206.59,56.00,56.60,51.00,55.98,56.15,1.72
357.00,363.30,41.00,48.03,205.17,51.00,55.76,50.00,55.06,55.28,1.71
366.00,364.02,48.00,48.00,205.52,54.00,55.60,51.00,54.40,54.86,1.72
363.00,363.84,48.00,47.73,205.30,54.00,54.96,49.00,53.41,54.05,1.74
362.00,363.67,51.00,48.03,205.36,61.00,55.51,51.00,53.17,54.21,1.74
357.00,363.04,45.00,47.76,204.91,57.00,55.66,49.00,52.77,54.08,1.72
358.00,362.55,54.00,48.70,205.14,61.00,56.45,53.00,52.71,54.45,1.72
366.00,362.55,56.00,49.33,205.45,61.00,57.20,56.00,52.86,54.90,1.72
361.00,363.31,44.00,49.26,205.80,54.00,56.90,51.00,52.62,54.63,1.74
358.00,362.81,48.00,49.14,205.49,52.00,56.44,52.00,52.56,54.37,1.74
366.00,363.11,48.00,49.03,205.58,51.00,55.93,49.00,52.23,53.94,1.74
385.00,367.73,55.00,50.18,208.47,65.00,57.36,63.00,53.89,55.49,1.75
363.00,368.42,44.00,49.26,208.35,54.00,57.30,50.00,53.57,55.30,1.76
380.00,370.00,51.00,49.74,209.38,56.00,57.33,56.00,54.00,55.53,1.76
384.00,371.33,54.00,50.13,210.24,56.00,57.20,57.00,54.29,55.61,1.77
399.00,373.94,60.00,51.06,212.01,61.00,57.55,63.00,55.11,56.19,1.78
393.00,375.89,56.00,51.54,213.22,56.00,57.28,61.00,55.84,56.42,1.79
382.00,377.14,48.00,51.53,213.84,62.00,57.69,56.00,56.15,56.78,1.80
371.00,376.94,51.00,51.00,213.47,59.00,57.68,56.00,55.70,56.55,1.79
376.00,376.85,48.00,50.72,213.29,57.00,57.62,52.00,55.36,56.35,1.79
359.00,375.18,43.00,49.99,212.09,49.00,56.81,49.00,54.75,55.65,1.79
358.00,371.97,41.00,48.70,209.84,48.00,55.47,50.00,53.88,54.54,1.78
366.00,370.06,50.00,48.22,208.64,57.00,54.94,57.00,53.90,54.29,1.77
358.00,368.55,44.00,47.36,207.46,56.00,54.69,55.00,53.93,54.17,1.76
356.00,367.35,43.00,46.95,206.65,51.00,54.35,54.00,53.94,54.01,1.75
371.00,367.65,45.00,46.75,206.70,51.00,54.02,55.00,54.04,53.89,1.75
393.00,372.45,60.00,49.12,210.29,63.00,55.54,65.00,56.18,55.72,1.77
363.00,373.24,49.00,49.74,210.99,89.00,59.67,65.00,57.54,58.47,1.75
384.00,375.01,53.00,50.42,212.22,103.00,67.01,79.00,60.91,63.82,1.70
374.00,374.94,54.00,50.76,212.35,99.00,70.11,80.00,62.74,66.28,1.68
403.00,377.56,63.00,51.92,214.24,135.00,76.25,108.00,67.01,71.49,1.63
380.00,376.60,62.00,52.55,214.08,112.00,82.45,96.00,71.74,76.96,1.57
400.00,380.03,75.00,55.92,217.48,115.00,87.41,97.00,75.87,81.50,1.55
377.00,379.38,64.00,57.78,218.08,124.00,91.95,99.00,79.09,85.38,1.52
387.00,380.10,71.00,59.05,219.08,127.00,95.32,103.00,81.39,88.21,1.49
377.00,379.83,67.00,59.83,219.33,133.00,98.92,100.00,83.18,90.91,1.47
361.00,376.45,57.00,59.19,217.32,150.00,107.29,102.00,85.70,96.35,1.38
376.00,376.23,67.00,60.85,218.04,171.00,117.87,140.00,93.87,105.73,1.29
359.00,373.72,67.00,62.50,217.61,167.00,126.57,140.00,102.23,114.26,1.18
368.00,373.15,67.00,62.94,217.54,168.00,130.58,141.00,105.98,118.14,1.14
384.00,374.14,92.00,65.66,219.40,197.00,136.90,177.00,112.72,124.67,1.08
366.00,372.08,98.00,71.11,221.09,242.00,153.33,210.00,127.48,140.27,0.92
384.00,374.45,136.00,82.96,228.20,279.00,174.85,233.00,145.97,160.27,0.77
401.00,376.91,158.00,94.83,235.37,304.00,197.53,263.00,166.76,182.01,0.61
415.00,380.52,172.00,102.22,240.87,304.00,207.82,264.00,176.15,191.85,0.56
423.00,384.56,221.00,113.51,248.53,305.00,217.23,287.00,186.80,201.87,0.53
422.00,391.51,211.00,132.80,261.65,327.00,236.86,314.00,209.30,222.94,0.44
443.00,399.70,263.00,152.86,275.77,355.00,257.03,353.00,234.03,245.39,0.34
448.00,409.58,285.00,175.82,292.20,335.00,272.25,351.00,256.25,264.11,0.32
451.00,413.59,302.00,187.96,300.26,321.00,277.05,348.00,265.16,270.97,0.33
464.00,418.43,294.00,198.22,307.82,348.00,283.86,353.00,273.68,278.63,0.33
455.00,426.49,275.00,215.08,320.28,359.00,297.04,339.00,286.07,291.41,0.32
467.00,433.59,302.00,232.01,332.29,384.00,309.57,344.00,296.33,302.81,0.33
482.00,441.40,313.00,245.35,342.87,357.00,321.58,356.00,307.20,314.25,0.32
492.00,446.25,289.00,249.66,347.44,369.00,326.18,353.00,311.64,318.77,0.32
505.00,451.87,327.00,257.04,353.94,382.00,331.55,364.00,316.68,323.97,0.33
472.00,456.05,299.00,266.07,360.55,435.00,347.85,370.00,325.70,336.62,0.26
468.00,459.96,296.00,273.04,365.99,419.00,359.66,338.00,329.75,344.56,0.24
476.00,463.09,271.00,273.95,368.01,459.00,376.14,376.00,335.13,355.49,0.14
482.00,464.90,273.00,273.89,368.88,443.00,382.64,343.00,335.98,359.17,0.10
495.00,469.34,255.00,270.34,369.33,412.00,388.23,332.00,334.57,361.25,0.09
472.00,471.65,261.00,269.57,370.09,388.00,388.79,305.00,330.90,359.70,0.11
475.00,472.12,259.00,267.46,369.28,359.00,385.99,313.00,330.99,358.34,0.11
476.00,472.06,263.00,264.72,367.88,391.00,382.34,339.00,330.40,356.22,0.13
460.00,470.95,255.00,263.79,366.86,360.00,380.25,312.00,328.68,354.31,0.14
477.00,470.03,258.00,261.85,365.42,395.00,379.88,355.00,330.94,355.26,0.11
449.00,466.16,220.00,255.33,360.23,359.00,376.91,341.00,332.27,354.44,0.06
455.00,464.09,206.00,247.31,355.18,353.00,374.64,335.00,334.96,354.65,0.00
453.00,463.02,222.00,244.82,353.40,391.00,376.10,345.00,335.92,355.86,-0.02
454.00,462.14,233.00,243.62,352.37,389.00,377.32,355.00,337.73,357.37,-0.06
463.00,462.00,240.00,242.36,351.66,343.00,372.49,335.00,338.08,355.13,-0.03
449.00,459.91,238.00,242.49,350.68,375.00,369.74,348.00,337.02,353.23,-0.02
467.00,461.32,251.00,244.61,352.44,395.00,370.26,348.00,337.18,353.57,-0.01
463.00,461.48,234.00,243.63,352.04,377.00,370.93,347.00,338.13,354.37,-0.02
494.00,464.52,248.00,244.03,353.76,363.00,370.19,339.00,338.22,354.05,0.00
500.00,470.45,275.00,248.13,358.77,375.00,373.47,358.00,342.91,358.04,0.00
483.00,473.17,236.00,246.72,359.43,388.00,375.25,352.00,343.67,359.30,0.00
511.00,477.87,254.00,246.03,361.43,380.00,377.10,341.00,344.78,360.78,0.00
494.00,479.46,231.00,244.64,361.53,371.00,376.55,342.00,344.53,360.38,0.01
488.00,480.32,219.00,242.22,360.75,361.00,375.11,333.00,343.46,359.13,0.01
494.00,482.23,242.00,240.98,361.09,355.00,371.03,352.00,342.72,356.72,0.05
462.00,479.08,211.00,236.09,357.07,368.00,370.07,317.00,339.14,354.45,0.02
451.00,475.73,236.00,236.68,355.68,385.00,370.91,304.00,333.80,352.19,0.03
472.00,475.31,253.00,238.18,356.23,422.00,375.69,334.00,333.73,354.55,0.01
496.00,477.21,269.00,241.08,358.62,440.00,381.77,362.00,336.33,358.89,0.00
473.00,477.43,211.00,238.70,357.54,380.00,382.60,327.00,335.30,358.79,-0.01
465.00,476.06,207.00,233.57,354.29,387.00,383.71,331.00,335.72,359.55,-0.06
439.00,470.94,201.00,229.44,349.66,422.00,393.11,346.00,339.29,366.04,-0.18
434.00,467.41,201.00,226.70,346.53,391.00,393.01,336.00,339.01,365.85,-0.22
439.00,464.67,223.00,226.27,344.95,398.00,393.53,353.00,340.33,366.77,-0.24
425.00,457.94,201.00,223.58,340.23,364.00,388.88,317.00,337.73,363.14,-0.25
427.00,454.06,184.00,218.13,335.56,352.00,382.79,297.00,332.62,357.54,-0.24
420.00,447.57,163.00,208.46,327.49,409.00,385.39,284.00,324.21,354.64,-0.31
417.00,444.62,158.00,203.61,323.59,391.00,385.94,271.00,319.13,352.37,-0.32
427.00,442.88,177.00,200.98,321.40,368.00,384.28,252.00,312.72,348.34,-0.30
434.00,442.57,182.00,198.36,319.94,440.00,389.16,329.00,311.17,350.00,-0.34
440.00,441.20,223.00,200.62,320.39,390.00,390.98,339.00,316.54,353.60,-0.38
419.00,438.49,214.00,204.01,320.72,415.00,394.39,318.00,318.52,356.29,-0.40
452.00,439.70,253.00,208.61,323.62,428.00,397.58,332.00,319.80,358.53,-0.39
446.00,440.30,230.00,210.72,324.98,443.00,401.89,353.00,322.93,362.25,-0.43
465.00,445.00,240.00,217.38,330.66,439.00,409.48,352.00,328.25,368.70,-0.44
463.00,447.01,222.00,217.90,331.93,462.00,414.66,364.00,333.05,373.69,-0.47
467.00,450.66,252.00,222.77,336.19,428.00,417.64,347.00,336.79,377.05,-0.46
478.00,453.27,243.00,224.73,338.47,480.00,423.52,358.00,338.83,381.01,-0.48
476.00,458.05,238.00,227.03,342.01,460.00,429.81,332.00,337.86,383.67,-0.47
499.00,464.80,231.00,229.19,346.46,505.00,448.73,386.00,349.53,398.97,-0.60
480.00,468.80,222.00,227.85,347.79,473.00,456.51,366.00,354.30,405.24,-0.66
457.00,467.29,209.00,224.19,345.21,472.00,459.03,399.00,359.93,409.31,-0.74
471.00,467.62,219.00,223.67,345.11,452.00,458.43,408.00,364.50,411.30,-0.76
487.00,470.59,231.00,224.25,346.89,444.00,456.04,396.00,369.72,412.71,-0.75
484.00,473.22,227.00,223.80,347.98,472.00,454.38,385.00,372.60,413.32,-0.75
480.00,474.41,211.00,222.02,347.68,451.00,457.23,384.00,377.75,417.32,-0.79
507.00,477.47,273.00,226.74,351.57,476.00,458.99,376.00,377.64,418.14,-0.76
515.00,481.04,255.00,229.46,354.71,524.00,465.09,407.00,380.40,422.57,-0.77
544.00,489.70,312.00,242.14,365.38,513.00,476.62,392.00,384.99,430.63,-0.75
523.00,496.04,271.00,248.26,371.62,463.00,476.11,352.00,381.56,428.67,-0.66
508.00,499.46,262.00,250.97,374.68,412.00,465.93,354.00,376.38,420.98,-0.53
519.00,501.34,267.00,252.52,376.40,502.00,469.15,393.00,377.85,423.32,-0.53
524.00,503.52,263.00,253.55,378.00,526.00,474.46,371.00,377.22,425.67,-0.54
505.00,503.87,225.00,250.73,376.77,440.00,470.73,354.00,373.46,421.92,-0.52
521.00,507.75,246.00,249.83,378.26,504.00,476.22,369.00,372.67,424.27,-0.53
550.00,513.76,312.00,259.24,385.96,496.00,477.00,376.00,373.24,424.94,-0.44
560.00,518.16,337.00,266.60,391.84,448.00,474.35,353.00,371.35,422.67,-0.34
536.00,519.95,307.00,270.57,394.72,423.00,469.52,335.00,367.93,418.55,-0.26
529.00,522.64,310.00,279.32,400.44,432.00,465.68,344.00,365.53,415.42,-0.16
511.00,522.09,295.00,285.08,403.04,448.00,458.85,323.00,356.86,407.68,-0.05
484.00,516.20,273.00,282.86,398.98,500.00,465.08,375.00,356.42,410.57,-0.13
481.00,512.83,273.00,281.93,396.84,448.00,463.56,369.00,357.59,410.40,-0.15
509.00,512.38,263.00,280.15,395.72,438.00,461.17,363.00,358.10,409.45,-0.15
487.00,508.18,247.00,275.18,391.14,382.00,446.30,307.00,350.59,398.26,-0.08
497.00,507.73,265.00,273.68,390.16,390.00,435.77,322.00,345.41,390.41,0.00
480.00,503.32,250.00,271.19,386.71,376.00,424.29,308.00,339.27,381.59,0.06
460.00,499.21,220.00,266.37,382.25,359.00,418.04,294.00,334.95,376.31,0.06
446.00,494.15,186.00,258.77,375.92,308.00,407.58,260.00,327.85,367.53,0.09
441.00,485.81,174.00,244.95,364.83,377.00,402.33,284.00,321.46,361.71,0.03
430.00,474.91,168.00,231.18,352.50,399.00,396.46,277.00,311.49,353.78,-0.01
411.00,464.69,140.00,216.24,339.92,291.00,382.35,216.00,297.27,339.62,0.00
399.00,458.39,134.00,208.33,332.81,303.00,374.73,257.00,293.28,333.81,-0.01
415.00,454.15,138.00,201.52,327.29,331.00,370.42,281.00,291.97,331.00,-0.03
383.00,441.25,132.00,187.60,313.88,339.00,363.32,287.00,288.08,325.51,-0.13
372.00,429.24,124.00,174.93,301.54,356.00,361.49,304.00,288.87,324.99,-0.26
396.00,420.42,152.00,167.17,293.25,363.00,360.06,323.00,293.45,326.56,-0.38
371.00,415.68,129.00,163.51,289.05,323.00,356.60,284.00,292.66,324.43,-0.40
398.00,413.87,149.00,162.02,287.40,433.00,363.62,350.00,297.99,330.61,-0.49
387.00,409.69,174.00,166.22,287.40,423.00,374.40,342.00,304.56,339.29,-0.59
412.00,410.26,196.00,173.67,291.41,398.00,380.40,300.00,306.66,343.34,-0.59
423.00,411.15,196.00,175.72,292.88,398.00,379.81,301.00,303.11,341.26,-0.55
427.00,412.64,177.00,175.90,293.72,377.00,379.61,275.00,300.48,339.85,-0.53
433.00,414.57,158.00,174.25,293.86,317.00,373.77,246.00,295.33,334.36,-0.46
420.00,416.48,134.00,168.05,291.71,241.00,352.75,205.00,280.61,316.48,-0.28
414.00,416.33,117.00,159.20,287.21,199.00,325.96,182.00,263.13,294.35,-0.08
418.00,416.29,104.00,149.63,282.41,159.00,297.00,154.00,244.30,270.45,0.13
409.00,415.62,100.00,144.86,279.68,148.00,282.65,143.00,234.56,258.41,0.24
403.00,414.43,92.00,139.77,276.55,131.00,268.05,131.00,224.60,246.12,0.34
373.00,409.29,74.00,128.53,268.36,106.00,240.14,105.00,204.34,222.04,0.53
384.00,404.64,69.00,118.12,260.82,92.00,213.79,97.00,185.32,199.35,0.70
358.00,398.07,55.00,107.85,252.40,71.00,188.52,79.00,166.58,177.35,0.86
380.00,396.26,63.00,103.49,249.32,71.00,177.14,83.00,158.48,167.61,0.93
376.00,394.30,63.00,99.57,246.38,69.00,166.67,77.00,150.60,158.44,1.00
376.00,390.74,60.00,92.44,241.04,67.00,148.28,75.00,136.75,142.32,1.13
370.00,387.11,60.00,86.63,236.31,60.00,132.27,71.00,124.98,128.43,1.23
364.00,383.75,58.00,81.53,232.08,54.00,118.12,67.00,114.56,116.14,1.32
363.00,381.75,51.00,78.59,229.61,50.00,111.53,64.00,109.67,110.40,1.37
359.00,379.57,50.00,75.84,227.14,46.00,105.20,63.00,105.15,104.97,1.40
359.00,375.44,51.00,71.60,222.96,45.00,94.27,63.00,97.37,95.62,1.46
356.00,372.55,54.00,68.43,219.93,44.00,85.17,62.00,90.85,87.81,1.52
371.00,371.77,57.00,65.78,218.21,44.00,77.57,61.00,85.25,81.21,1.57
364.00,371.03,57.00,64.92,217.41,43.00,74.22,58.00,82.62,78.22,1.60
364.00,370.35,51.00,63.59,216.41,43.00,71.19,56.00,80.05,75.42,1.61
362.00,369.34,56.00,62.17,215.19,49.00,67.06,57.00,75.79,71.22,1.64
358.00,367.53,50.00,60.04,213.23,46.00,63.26,56.00,72.14,67.50,1.67
363.00,366.34,49.00,58.44,211.83,44.00,59.72,52.00,68.53,63.92,1.69
361.00,365.82,54.00,58.00,211.35,45.00,58.29,53.00,67.02,62.45,1.70
364.00,365.63,55.00,57.70,211.10,45.00,57.00,51.00,65.48,61.03,1.72
364.00,365.32,51.00,56.30,210.25,44.00,54.60,48.00,62.44,58.32,1.74
364.00,364.82,47.00,54.86,209.28,56.00,54.88,48.00,60.04,57.26,1.75
364.00,364.23,51.00,54.14,208.62,57.00,55.08,49.00,57.83,56.25,1.75
371.00,364.86,56.00,54.30,209.01,71.00,56.56,47.00,56.78,56.47,1.75
364.00,364.79,56.00,54.45,209.06,89.00,59.62,49.00,56.02,57.62,1.74
371.00,365.47,57.00,54.74,209.54,88.00,65.49,51.00,55.08,60.08,1.71
367.00,365.50,52.00,54.69,209.53,79.00,68.12,49.00,54.22,60.97,1.70
364.00,365.84,59.00,55.28,210.00,94.00,71.88,56.00,54.17,62.83,1.69
364.00,365.67,56.00,55.36,209.95,97.00,74.29,60.00,54.71,64.30,1.67
366.00,365.70,57.00,55.52,210.04,94.00,76.20,57.00,54.94,65.36,1.66
359.00,364.84,54.00,55.77,209.74,90.00,79.63,55.00,55.30,67.26,1.63
362.00,364.06,56.00,55.73,209.33,89.00,81.12,56.00,55.43,68.08,1.62
363.00,364.02,52.00,54.97,208.93,87.00,82.31,54.00,55.18,68.54,1.61
345.00,362.25,44.00,53.94,207.53,81.00,82.21,47.00,54.42,68.11,1.60
338.00,359.95,38.00,52.43,205.63,75.00,81.54,47.00,53.71,67.42,1.59
352.00,358.45,48.00,51.41,204.37,82.00,81.01,49.00,52.84,66.72,1.57
339.00,355.35,44.00,49.88,202.05,77.00,80.11,46.00,51.50,65.60,1.56
364.00,355.54,49.00,49.35,201.88,85.00,81.06,54.00,51.67,66.16,1.55
358.00,355.77,51.00,49.49,202.07,85.00,81.44,52.00,51.70,66.36,1.55
369.00,357.00,47.00,49.26,202.57,92.00,82.43,56.00,52.10,67.06,1.55
346.00,355.15,50.00,48.87,201.44,82.00,82.12,56.00,52.46,67.09,1.54
359.00,357.54,48.00,49.40,202.91,76.00,81.89,50.00,52.90,67.19,1.55
350.00,355.95,43.00,48.68,201.75,69.00,80.00,48.00,52.02,65.81,1.55
371.00,357.34,59.00,49.63,202.92,83.00,80.25,56.00,52.38,66.11,1.56
358.00,357.42,57.00,50.34,203.31,80.00,80.22,55.00,52.63,66.22,1.57
352.00,356.46,51.00,50.30,202.82,63.00,77.47,46.00,51.53,64.30,1.59
368.00,356.70,53.00,50.62,203.10,65.00,74.75,51.00,50.90,62.62,1.61
349.00,356.20,79.00,53.82,204.45,54.00,71.40,44.00,49.91,60.45,1.64
353.00,355.89,76.00,55.95,205.35,57.00,70.01,43.00,49.25,59.43,1.67
395.00,359.52,88.00,58.99,208.69,70.00,69.96,56.00,49.86,59.70,1.70
377.00,363.17,72.00,62.39,212.21,76.00,70.75,55.00,50.87,60.61,1.74
368.00,364.63,65.00,63.45,213.48,68.00,70.87,51.00,51.17,60.82,1.75
366.00,365.35,71.00,64.32,214.27,61.00,69.27,51.00,51.06,59.96,1.77
370.00,365.80,79.00,65.70,215.18,57.00,68.11,48.00,50.78,59.24,1.78
359.00,365.18,67.00,65.86,214.95,52.00,66.57,45.00,50.23,58.20,1.79
352.00,362.63,63.00,65.37,213.44,54.00,63.92,48.00,49.47,56.49,1.79
344.00,361.23,58.00,64.65,212.38,65.00,63.88,44.00,48.56,56.02,1.79
344.00,358.09,51.00,62.18,209.57,59.00,63.08,41.00,47.27,54.97,1.77
353.00,357.57,53.00,61.29,208.86,63.00,63.06,47.00,47.23,54.94,1.76
369.00,358.60,57.00,60.86,209.17,67.00,63.42,54.00,47.85,55.43,1.76
327.00,353.71,50.00,58.80,205.69,55.00,62.00,41.00,46.63,54.11,1.74
357.00,353.09,63.00,59.08,205.52,63.00,61.90,51.00,47.39,54.44,1.74
331.00,349.80,51.00,58.40,203.53,48.00,59.83,41.00,46.51,52.97,1.72
329.00,347.81,49.00,57.51,202.09,49.00,58.79,44.00,46.27,52.33,1.71
328.00,345.91,52.00,56.98,200.87,48.00,57.75,44.00,46.05,51.70,1.71
340.00,346.84,54.00,57.11,201.41,48.00,56.74,45.00,46.71,51.52,1.71
335.00,344.00,70.00,58.03,200.45,46.00,54.78,39.00,45.76,50.06,1.72
358.00,345.78,79.00,61.90,203.27,54.00,54.68,48.00,46.23,50.25,1.76
342.00,345.45,67.00,62.43,203.37,44.00,53.68,39.00,45.56,49.41,1.76
339.00,344.84,70.00,63.17,203.44,44.00,52.75,39.00,44.94,48.64,1.77
340.00,343.27,63.00,63.18,202.65,46.00,51.07,42.00,44.13,47.40,1.78
335.00,343.32,62.00,62.98,202.58,39.00,49.31,39.00,43.28,46.09,1.79
331.00,341.61,62.00,62.63,201.55,42.00,47.87,39.00,42.49,44.97,1.79
355.00,342.82,72.00,63.50,202.59,47.00,47.76,48.00,42.99,45.17,1.80
337.00,341.96,72.00,64.70,202.76,40.00,46.35,39.00,42.28,44.11,1.82
339.00,341.25,66.00,64.87,202.48,39.00,45.00,38.00,41.59,43.09,1.83
335.00,341.84,57.00,64.94,202.81,39.00,44.85,39.00,41.89,43.16,1.83
329.00,340.05,63.00,64.41,201.65,39.00,43.78,39.00,41.36,42.37,1.83
332.00,339.27,61.00,64.08,201.10,39.00,43.32,39.00,41.13,42.02,1.83
361.00,343.14,92.00,67.96,204.97,49.00,44.32,46.00,42.00,42.95,1.86
343.00,342.99,80.00,70.02,205.93,45.00,43.93,44.00,41.94,42.73,1.87
353.00,344.54,73.00,70.95,207.17,46.00,44.22,44.00,42.49,43.15,1.89
340.00,344.15,67.00,70.60,206.80,40.00,43.83,39.00,42.17,42.79,1.89
366.00,346.18,71.00,70.64,207.83,51.00,44.49,51.00,42.99,43.53,1.89
355.00,348.16,75.00,71.08,209.04,48.00,45.22,46.00,43.72,44.26,1.89
343.00,348.31,76.00,72.58,209.87,39.00,44.90,39.00,43.58,44.03,1.90
347.00,347.04,71.00,72.75,209.32,44.00,44.47,44.00,43.39,43.72,1.90
348.00,347.13,73.00,72.77,209.37,45.00,44.51,43.00,43.35,43.73,1.90
331.00,345.62,65.00,72.06,208.26,40.00,44.09,39.00,42.95,43.31,1.89
332.00,342.71,68.00,70.71,206.13,39.00,43.08,38.00,42.05,42.36,1.87
332.00,340.73,67.00,70.88,205.23,38.00,42.58,37.00,41.47,41.82,1.87
326.00,338.30,63.00,69.46,203.30,38.00,41.74,36.00,40.47,40.90,1.86
327.00,337.21,56.00,68.19,202.12,36.00,41.19,38.00,40.23,40.50,1.85
365.00,339.76,73.00,68.60,203.60,48.00,41.81,49.00,41.03,41.21,1.86
354.00,342.44,79.00,70.11,205.69,44.00,42.38,46.00,42.11,42.04,1.87
341.00,342.49,73.00,70.83,206.08,41.00,42.32,43.00,42.37,42.14,1.87
339.00,341.96,69.00,70.34,205.57,41.00,41.91,41.00,42.14,41.81,1.87
332.00,341.03,60.00,69.38,204.62,35.00,41.26,37.00,41.66,41.25,1.87
327.00,339.70,55.00,68.02,203.28,36.00,40.75,38.00,41.30,40.82,1.86
335.00,338.73,63.00,66.82,202.19,41.00,40.61,43.00,41.60,40.89,1.85
324.00,336.92,67.00,66.48,201.12,37.00,40.04,37.00,40.77,40.20,1.84
342.00,336.15,63.00,65.50,200.24,41.00,39.94,43.00,40.73,40.13,1.84
335.00,336.04,61.00,65.07,199.97,44.00,40.32,42.00,40.85,40.38,1.83
366.00,338.82,65.00,65.05,201.35,52.00,41.41,51.00,41.79,41.40,1.83
351.00,339.17,61.00,63.36,200.68,49.00,41.85,48.00,42.15,41.80,1.82
355.00,341.61,77.00,64.32,202.38,47.00,42.80,44.00,42.59,42.49,1.83
336.00,340.57,67.00,65.17,202.28,41.00,42.41,44.00,42.42,42.21,1.84
344.00,340.89,72.00,65.82,202.77,44.00,42.56,44.00,42.57,42.36,1.84
335.00,340.35,70.00,66.22,202.70,43.00,42.60,43.00,42.61,42.40,1.84
327.00,338.29,70.00,66.14,201.63,39.00,41.96,39.00,41.97,41.76,1.83
338.00,336.90,64.00,66.20,200.96,43.00,41.79,43.00,41.97,41.67,1.83
323.00,335.59,54.00,64.79,199.60,39.00,41.63,38.00,41.60,41.41,1.82
324.00,334.48,53.00,63.67,198.49,39.00,41.38,37.00,41.17,41.07,1.80
323.00,333.38,56.00,62.92,197.56,40.00,41.25,39.00,40.95,40.89,1.79
359.00,337.76,67.00,63.62,200.10,52.00,43.26,48.00,42.47,42.65,1.80
323.00,335.43,56.00,62.34,198.30,39.00,42.70,38.00,41.77,42.03,1.79
344.00,337.29,63.00,62.44,199.28,49.00,43.74,44.00,42.25,42.79,1.79
331.00,336.72,50.00,61.28,198.41,42.00,43.59,38.00,41.86,42.52,1.78
327.00,335.81,51.00,60.29,197.46,40.00,43.26,37.00,41.40,42.12,1.78
323.00,333.40,53.00,59.12,195.67,39.00,42.57,37.00,40.68,41.42,1.77
319.00,331.47,53.00,58.17,194.22,41.00,42.11,38.00,40.01,40.85,1.76
319.00,329.35,51.00,56.68,192.43,40.00,41.63,38.00,39.38,40.30,1.75
324.00,328.82,59.00,56.88,192.26,46.00,42.03,43.00,39.71,40.66,1.74
347.00,330.48,60.00,57.16,193.23,48.00,42.59,46.00,40.30,41.24,1.74
321.00,329.06,60.00,56.98,192.43,39.00,41.96,37.00,39.72,40.63,1.74
352.00,332.04,76.00,59.88,195.37,47.00,42.60,44.00,40.40,41.29,1.77
327.00,331.62,57.00,59.94,195.18,37.00,41.78,38.00,39.80,40.58,1.77
324.00,330.91,57.00,59.67,194.70,38.00,41.42,35.00,39.35,40.18,1.77
323.00,330.16,52.00,58.95,193.96,36.00,40.90,36.00,39.03,39.76,1.77
326.00,332.16,52.00,58.72,194.85,37.00,41.13,37.00,39.60,40.16,1.77
329.00,331.25,62.00,59.21,194.63,36.00,40.12,35.00,38.77,39.24,1.78
335.00,332.95,60.00,60.05,195.90,36.00,40.05,37.00,39.22,39.43,1.79
332.00,332.87,62.00,60.23,195.95,35.00,39.57,35.00,38.82,38.99,1.79
326.00,332.24,61.00,60.32,195.68,36.00,39.23,37.00,38.65,38.73,1.79
348.00,332.98,64.00,60.29,196.04,43.00,39.20,44.00,38.91,38.84,1.80
324.00,331.39,50.00,58.88,194.54,35.00,38.45,35.00,38.39,38.21,1.79
324.00,330.31,61.00,58.80,193.96,39.00,38.19,41.00,38.59,38.18,1.78
331.00,330.35,63.00,59.19,194.18,35.00,37.89,38.00,38.54,38.00,1.79
327.00,330.03,62.00,59.46,194.15,35.00,37.61,35.00,38.21,37.70,1.79
323.00,328.59,51.00,58.64,193.02,33.00,36.95,38.00,38.08,37.30,1.78
321.00,327.72,54.00,57.97,192.24,35.00,36.84,37.00,37.88,37.15,1.78
324.00,326.94,51.00,56.44,191.09,35.00,36.33,37.00,37.63,36.77,1.77
321.00,326.37,50.00,55.82,190.50,34.00,36.11,36.00,37.48,36.58,1.76
320.00,325.76,48.00,55.07,189.82,34.00,35.90,38.00,37.52,36.50,1.76
318.00,324.69,48.00,54.03,188.76,34.00,35.55,37.00,37.43,36.28,1.75
319.00,323.82,50.00,53.02,187.82,39.00,35.64,43.00,37.82,36.52,1.74
324.00,323.74,47.00,51.83,187.19,37.00,35.81,37.00,37.77,36.58,1.72
319.00,323.29,51.00,51.74,186.92,38.00,36.01,35.00,37.51,36.55,1.72
321.00,323.07,47.00,51.29,186.58,38.00,36.20,37.00,37.46,36.62,1.71
323.00,323.05,63.00,52.08,186.96,38.00,36.53,39.00,37.65,36.88,1.72
326.00,323.31,56.00,52.89,187.50,38.00,36.63,39.00,37.81,37.01,1.72
326.00,323.20,55.00,53.46,187.73,39.00,37.06,39.00,38.02,37.33,1.72
326.00,323.46,53.00,53.42,187.84,39.00,37.25,39.00,38.12,37.47,1.72
